  Software version:  
  Start time: Sat Oct 15 11:39:20 2016

Using PRNG seed:  11968571421394338226 
Same seed in hex:   0xA618E84BA91A01B2 
-----------------------------------

Using PRNG seed: 11968571421394338226 
Creating EModel objects ... 
SQL Logging Flags
Using PRNG seed: 11968571421394338226 
Scenario assigned name: -|EModel-TwoDPoint|-
Populating EModel-TwoDPoint
Now have 10201 enumerated options

SQL Logging Flags
Using PRNG seed: 11968571421394338226 
Scenario assigned name: -|EModel-VBool|-
Populating EModel-VBool
0.4861 0.1238 0.6444 0.0704 1.0000 0.2187 0.7015 0.4392 0.7510 0.0000 0.4271 0.1070 0.8445 0.4334 0.9722 0.2923 
0.9125 0.4547 0.4122 0.8612 0.4573 1.0000 0.9041 0.4422 0.1385 0.6795 0.5839 0.0000 0.6298 0.1541 0.0328 0.4369 
0.5510 0.2944 0.5283 0.4694 0.0707 0.0000 0.3091 0.0119 0.6512 0.5538 1.0000 0.7452 0.4567 0.2706 0.5613 0.3612 
0.4846 0.5128 0.5444 0.8724 0.4000 0.7431 0.7475 1.0000 0.0000 0.2888 0.3290 0.4742 0.1946 0.4403 0.4198 0.6834 
0.3245 0.8757 0.3901 0.5179 0.8909 1.0000 0.5515 0.8332 0.4173 0.3565 0.0000 0.4301 0.4145 0.7825 0.4595 0.6165 
0.4176 0.1908 1.0000 0.6309 0.6170 0.0815 0.9363 0.5988 0.5562 0.0000 0.7139 0.6606 0.4588 0.2161 0.9018 0.6264 
0.1719 0.2880 0.1165 0.7953 0.0000 0.6431 0.5043 0.4928 0.1071 0.7994 0.4089 0.7750 0.3872 0.6441 0.4414 1.0000 
0.2498 0.3592 0.0986 0.8142 0.1174 0.7386 0.6709 0.7137 0.0000 0.8194 0.5425 0.4877 0.5945 0.4975 0.3281 1.0000 
0.7454 0.4993 1.0000 0.5089 0.9195 0.5327 0.9690 0.5630 0.5621 0.0000 0.4755 0.2447 0.4670 0.1714 0.7401 0.2782 
0.6402 0.4724 0.3630 0.7904 0.0000 0.5165 0.2629 0.1746 0.6019 1.0000 0.7053 0.6498 0.4463 0.4474 0.1404 0.7699 
0.0000 0.3926 0.2532 0.6341 0.2375 0.6909 0.4007 1.0000 0.0381 0.2254 0.0435 0.5677 0.0072 0.7062 0.4627 0.5464 
0.0971 0.4396 0.0174 0.7239 0.1985 0.8956 0.4893 0.8286 0.0000 0.7008 0.2767 0.6608 0.4381 0.7626 0.3253 1.0000 
0.5643 0.2259 0.3436 0.0000 0.7699 0.3211 0.5558 0.2206 0.8940 0.4741 0.6947 0.4761 1.0000 0.7418 0.8626 0.5170 
0.9768 0.6088 0.5981 0.1900 0.8267 0.5414 0.4047 0.0000 1.0000 0.7788 0.7597 0.3323 0.9108 0.3885 0.4778 0.1017 
0.5544 0.0944 0.8122 0.4566 0.5728 0.3491 1.0000 0.6002 0.4362 0.0000 0.7026 0.2050 0.5643 0.0657 0.8568 0.5037 
0.7131 0.2774 0.2408 0.9548 0.0843 0.9431 0.8929 0.3586 0.0000 0.6968 0.8414 0.3828 0.7277 0.1771 0.1945 1.0000 
0.0824 0.0000 0.2660 0.3998 0.6487 0.6018 0.7156 0.7343 0.3783 0.2797 0.6451 0.4877 0.6625 0.5071 1.0000 0.9437 

Now have 16 enumerated options
Deleting EModel objects ... 
Using PRNG seed: 11968571421394338226 

Creating EModel<string> objects ... 
SQL Logging Flags
Using PRNG seed: 11968571421394338226 
Scenario assigned name: -|EModel-KEM-Policy|-
Populating EModel-KEM-Policy
Now have 6 enumerated options
Length of state history: 0

=====================================
Creating EKEModel objects ... 
SQL Logging Flags
Using PRNG seed: 11968571421394338226 
Scenario assigned name: -|EModel-Matrix-KEM|-
Actor weight vector: 
 23.04   3.13  34.74  66.20  95.76   2.99 

Utility(actor, option) matrix:
0.338 0.580 1.000 0.182 0.117 0.000 0.986 0.305 0.932 0.556 
0.242 0.092 0.397 0.553 0.061 1.000 0.858 0.674 0.000 0.925 
1.000 0.000 0.727 0.477 0.184 0.001 0.852 0.619 0.288 0.524 
0.137 0.259 0.384 0.000 0.198 0.185 1.000 0.830 0.440 0.617 
0.653 0.027 0.889 0.162 0.277 0.614 0.000 0.428 0.380 1.000 
0.166 0.257 0.408 0.387 0.212 0.736 0.558 0.512 0.000 1.000 

Number of options 10 
Number of actors 6 
PCE over entire option-space:
 0.042  0.000  0.219  0.000  0.001  0.010  0.204  0.070  0.010  0.444 
Zeta over entire option-space:
 115.4   34.1  161.3   39.2   49.5   76.5  122.9  128.1   97.0  173.5 
af-corr(p2,zeta): 0.818 
af-corr(logp2,zeta): 0.962 
 0  0.0415    -3.182  115.4  
 1  0.0001    -9.207   34.1  
 2  0.2188    -1.520  161.3  
 3  0.0003    -7.992   39.2  
 4  0.0012    -6.731   49.5  
 5  0.0096    -4.643   76.5  
 6  0.2039    -1.590  122.9  
 7  0.0702    -2.657  128.1  
 8  0.0101    -4.595   97.0  
 9  0.4443    -0.811  173.5  
--------------
First state:
[EState 9 5 8 2 3 0]
Starting Model::run iteration 1

State number 0
[EState 9 5 8 2 3 0]
Setting all utilities from objective perspective
Doing actual SUSN
Util matrix is 6 x 6 
Assessing EU from util matrix: 
 0.555677  0.000000  0.932241  1.000000  0.181913  0.337975 
 0.924539  1.000000  0.000000  0.397369  0.552806  0.242477 
 0.523969  0.001118  0.288091  0.726647  0.477376  1.000000 
 0.616555  0.185033  0.440440  0.383842  0.000000  0.137144 
 1.000000  0.614454  0.380104  0.889069  0.162448  0.653280 
 1.000000  0.735743  0.000000  0.408347  0.386506  0.165505 

Coalition strength matrix
     0.000000     97.244511     85.100186     29.449052    134.247343     74.586158 
     0.236087      0.000000     27.772086      2.865662     57.976758      7.247620 
     8.675249     48.355573      0.000000      3.746858     67.285623     33.769105 
    17.278052     87.703087     68.000795      0.000000    122.562642     55.373375 
     0.000000     20.737838      9.463216      0.486298      0.000000      1.632608 
    16.539046     46.208933     52.146930      9.497263     77.832840      0.000000 

Probability Opt_i > Opt_j
 0.500000  0.997578  0.907489  0.630235  1.000000  0.818502 
 0.002422  0.500000  0.364809  0.031641  0.736544  0.135580 
 0.092511  0.635191  0.500000  0.052223  0.876699  0.393048 
 0.369765  0.968359  0.947777  0.500000  0.996048  0.853597 
 0.000000  0.263456  0.123301  0.003952  0.500000  0.020545 
 0.181498  0.864420  0.606952  0.146403  0.979455  0.500000 

Probability Opt_i
 0.652293 
 0.000291 
 0.008416 
 0.289406 
 0.000009 
 0.049585 

Expected utility to actors: 
 0.676476 
 0.730390 
 0.604092 
 0.523822 
 0.945367 
 0.778895 

Actor expected utilities in actual state: 0.6765, 0.7304, 0.6041, 0.5238, 0.9454, 0.7789, 

--------------------------------------- 
Assessing utility of actual state to all actors 
  actual utilities not available
  actual utilities not available
  actual utilities not available
  actual utilities not available
  actual utilities not available
  actual utilities not available

Positions in this state: [EState 9 5 8 2 3 0]

Out of 6 positions, 6 were unique, with these indices:  0  1  2  3  4  5 
Util matrix is 6 x 6 
Assessing EU from util matrix: 
 0.555677  0.000000  0.932241  1.000000  0.181913  0.337975 
 0.924539  1.000000  0.000000  0.397369  0.552806  0.242477 
 0.523969  0.001118  0.288091  0.726647  0.477376  1.000000 
 0.616555  0.185033  0.440440  0.383842  0.000000  0.137144 
 1.000000  0.614454  0.380104  0.889069  0.162448  0.653280 
 1.000000  0.735743  0.000000  0.408347  0.386506  0.165505 

Coalition strength matrix
     0.000000     97.244511     85.100186     29.449052    134.247343     74.586158 
     0.236087      0.000000     27.772086      2.865662     57.976758      7.247620 
     8.675249     48.355573      0.000000      3.746858     67.285623     33.769105 
    17.278052     87.703087     68.000795      0.000000    122.562642     55.373375 
     0.000000     20.737838      9.463216      0.486298      0.000000      1.632608 
    16.539046     46.208933     52.146930      9.497263     77.832840      0.000000 

Probability Opt_i > Opt_j
 0.500000  0.997578  0.907489  0.630235  1.000000  0.818502 
 0.002422  0.500000  0.364809  0.031641  0.736544  0.135580 
 0.092511  0.635191  0.500000  0.052223  0.876699  0.393048 
 0.369765  0.968359  0.947777  0.500000  0.996048  0.853597 
 0.000000  0.263456  0.123301  0.003952  0.500000  0.020545 
 0.181498  0.864420  0.606952  0.146403  0.979455  0.500000 

Probability Opt_i
 0.652293 
 0.000291 
 0.008416 
 0.289406 
 0.000009 
 0.049585 

Expected utility to actors: 
 0.676476 
 0.730390 
 0.604092 
 0.523822 
 0.945367 
 0.778895 

This SQLite3 library WAS compiled to be threadsafe.
Can continue multi-threaded
Calculating new position 0 
Started newPosFn for 0
---------------------------------------- 
Search for best next-position of actor  0 
--------------------------------------- 
Assessing utility to  0 of hypo-pos: [EPosition 9]
Hypo-util minus base util: 
 +0.0000E+00  +0.0000E+00  +0.0000E+00  +0.0000E+00  +0.0000E+00  +0.0000E+00 
 +0.0000E+00  +0.0000E+00  +0.0000E+00  +0.0000E+00  +0.0000E+00  +0.0000E+00 
 +0.0000E+00  +0.0000E+00  +0.0000E+00  +0.0000E+00  +0.0000E+00  +0.0000E+00 
 +0.0000E+00  +0.0000E+00  +0.0000E+00  +0.0000E+00  +0.0000E+00  +0.0000E+00 
 +0.0000E+00  +0.0000E+00  +0.0000E+00  +0.0000E+00  +0.0000E+00  +0.0000E+00 
 +0.0000E+00  +0.0000E+00  +0.0000E+00  +0.0000E+00  +0.0000E+00  +0.0000E+00 

Util matrix is 6 x 6 
Assessing EU from util matrix: 
 0.555677  0.000000  0.932241  1.000000  0.181913  0.337975 
 0.924539  1.000000  0.000000  0.397369  0.552806  0.242477 
 0.523969  0.001118  0.288091  0.726647  0.477376  1.000000 
 0.616555  0.185033  0.440440  0.383842  0.000000  0.137144 
 1.000000  0.614454  0.380104  0.889069  0.162448  0.653280 
 1.000000  0.735743  0.000000  0.408347  0.386506  0.165505 

Coalition strength matrix
     0.000000     97.244511     85.100186     29.449052    134.247343     74.586158 
     0.236087      0.000000     27.772086      2.865662     57.976758      7.247620 
     8.675249     48.355573      0.000000      3.746858     67.285623     33.769105 
    17.278052     87.703087     68.000795      0.000000    122.562642     55.373375 
     0.000000     20.737838      9.463216      0.486298      0.000000      1.632608 
    16.539046     46.208933     52.146930      9.497263     77.832840      0.000000 

Probability Opt_i > Opt_j
 0.500000  0.997578  0.907489  0.630235  1.000000  0.818502 
 0.002422  0.500000  0.364809  0.031641  0.736544  0.135580 
 0.092511  0.635191  0.500000  0.052223  0.876699  0.393048 
 0.369765  0.968359  0.947777  0.500000  0.996048  0.853597 
 0.000000  0.263456  0.123301  0.003952  0.500000  0.020545 
 0.181498  0.864420  0.606952  0.146403  0.979455  0.500000 

Probability Opt_i
 0.652293 
 0.000291 
 0.008416 
 0.289406 
 0.000009 
 0.049585 

Expected utility to actors: 
 0.676476 
 0.730390 
 0.604092 
 0.523822 
 0.945367 
 0.778895 

Found 10 neighbors
--------------------------------------- 
Assessing utility to  0 of hypo-pos: [EPosition 0]
Hypo-util minus base util: 
 -2.1770E-01  +0.0000E+00  +0.0000E+00  +0.0000E+00  +0.0000E+00  +0.0000E+00 
 -6.8206E-01  +0.0000E+00  +0.0000E+00  +0.0000E+00  +0.0000E+00  +0.0000E+00 
 +4.7603E-01  +0.0000E+00  +0.0000E+00  +0.0000E+00  +0.0000E+00  +0.0000E+00 
 -4.7941E-01  +0.0000E+00  +0.0000E+00  +0.0000E+00  +0.0000E+00  +0.0000E+00 
 -3.4672E-01  +0.0000E+00  +0.0000E+00  +0.0000E+00  +0.0000E+00  +0.0000E+00 
 -8.3450E-01  +0.0000E+00  +0.0000E+00  +0.0000E+00  +0.0000E+00  +0.0000E+00 

Util matrix is 6 x 5 
Assessing EU from util matrix: 
 0.337975  0.000000  0.932241  1.000000  0.181913 
 0.242477  1.000000  0.000000  0.397369  0.552806 
 1.000000  0.001118  0.288091  0.726647  0.477376 
 0.137144  0.185033  0.440440  0.383842  0.000000 
 0.653280  0.614454  0.380104  0.889069  0.162448 
 0.165505  0.735743  0.000000  0.408347  0.386506 

Coalition strength matrix
     0.000000     46.208933     52.146930      9.497263     77.832840 
     7.247620      0.000000     27.772086      2.865662     57.976758 
    33.769105     48.355573      0.000000      3.746858     67.285623 
    55.373375     87.703087     68.000795      0.000000    122.562642 
     1.632608     20.737838      9.463216      0.486298      0.000000 

Probability Opt_i > Opt_j
 0.500000  0.864420  0.606952  0.146403  0.979455 
 0.135580  0.500000  0.364809  0.031641  0.736544 
 0.393048  0.635191  0.500000  0.052223  0.876699 
 0.853597  0.968359  0.947777  0.500000  0.996048 
 0.020545  0.263456  0.123301  0.003952  0.500000 

Probability Opt_i
 0.142224 
 0.002930 
 0.022323 
 0.832457 
 0.000066 

Expected utility to actors: 
 0.901347 
 0.368245 
 0.753593 
 0.349411 
 0.843320 
 0.365651 

--------------------------------------- 
Assessing utility to  0 of hypo-pos: [EPosition 1]
Hypo-util minus base util: 
 +2.3974E-02  +0.0000E+00  +0.0000E+00  +0.0000E+00  +0.0000E+00  +0.0000E+00 
 -8.3236E-01  +0.0000E+00  +0.0000E+00  +0.0000E+00  +0.0000E+00  +0.0000E+00 
 -5.2397E-01  +0.0000E+00  +0.0000E+00  +0.0000E+00  +0.0000E+00  +0.0000E+00 
 -3.5726E-01  +0.0000E+00  +0.0000E+00  +0.0000E+00  +0.0000E+00  +0.0000E+00 
 -9.7337E-01  +0.0000E+00  +0.0000E+00  +0.0000E+00  +0.0000E+00  +0.0000E+00 
 -7.4267E-01  +0.0000E+00  +0.0000E+00  +0.0000E+00  +0.0000E+00  +0.0000E+00 

Util matrix is 6 x 6 
Assessing EU from util matrix: 
 0.579651  0.000000  0.932241  1.000000  0.181913  0.337975 
 0.092174  1.000000  0.000000  0.397369  0.552806  0.242477 
 0.000000  0.001118  0.288091  0.726647  0.477376  1.000000 
 0.259300  0.185033  0.440440  0.383842  0.000000  0.137144 
 0.026626  0.614454  0.380104  0.889069  0.162448  0.653280 
 0.257327  0.735743  0.000000  0.408347  0.386506  0.165505 

Coalition strength matrix
     0.000000     18.270481      1.058854      0.000000     26.328917     13.929445 
    60.600000      0.000000     27.772086      2.865662     57.976758      7.247620 
    63.971861     48.355573      0.000000      3.746858     67.285623     33.769105 
   127.166943     87.703087     68.000795      0.000000    122.562642     55.373375 
    31.419517     20.737838      9.463216      0.486298      0.000000      1.632608 
    95.220277     46.208933     52.146930      9.497263     77.832840      0.000000 

Probability Opt_i > Opt_j
 0.500000  0.231652  0.016282  0.000000  0.455924  0.127618 
 0.768348  0.500000  0.364809  0.031641  0.736544  0.135580 
 0.983718  0.635191  0.500000  0.052223  0.876699  0.393048 
 1.000000  0.968359  0.947777  0.500000  0.996048  0.853597 
 0.544076  0.263456  0.123301  0.003952  0.500000  0.020545 
 0.872382  0.864420  0.606952  0.146403  0.979455  0.500000 

Probability Opt_i
 0.000593 
 0.003053 
 0.022326 
 0.828758 
 0.000086 
 0.145184 

Expected utility to actors: 
 0.899000 
 0.367681 
 0.753876 
 0.348575 
 0.842061 
 0.364881 

--------------------------------------- 
Assessing utility to  0 of hypo-pos: [EPosition 2]
Hypo-util minus base util: 
 +4.4432E-01  +0.0000E+00  +0.0000E+00  +0.0000E+00  +0.0000E+00  +0.0000E+00 
 -5.2717E-01  +0.0000E+00  +0.0000E+00  +0.0000E+00  +0.0000E+00  +0.0000E+00 
 +2.0268E-01  +0.0000E+00  +0.0000E+00  +0.0000E+00  +0.0000E+00  +0.0000E+00 
 -2.3271E-01  +0.0000E+00  +0.0000E+00  +0.0000E+00  +0.0000E+00  +0.0000E+00 
 -1.1093E-01  +0.0000E+00  +0.0000E+00  +0.0000E+00  +0.0000E+00  +0.0000E+00 
 -5.9165E-01  +0.0000E+00  +0.0000E+00  +0.0000E+00  +0.0000E+00  +0.0000E+00 

Util matrix is 6 x 5 
Assessing EU from util matrix: 
 1.000000  0.000000  0.932241  0.181913  0.337975 
 0.397369  1.000000  0.000000  0.552806  0.242477 
 0.726647  0.001118  0.288091  0.477376  1.000000 
 0.383842  0.185033  0.440440  0.000000  0.137144 
 0.889069  0.614454  0.380104  0.162448  0.653280 
 0.408347  0.735743  0.000000  0.386506  0.165505 

Coalition strength matrix
     0.000000     87.703087     68.000795    122.562642     55.373375 
     2.865662      0.000000     27.772086     57.976758      7.247620 
     3.746858     48.355573      0.000000     67.285623     33.769105 
     0.486298     20.737838      9.463216      0.000000      1.632608 
     9.497263     46.208933     52.146930     77.832840      0.000000 

Probability Opt_i > Opt_j
 0.500000  0.968359  0.947777  0.996048  0.853597 
 0.031641  0.500000  0.364809  0.736544  0.135580 
 0.052223  0.635191  0.500000  0.876699  0.393048 
 0.003952  0.263456  0.123301  0.500000  0.020545 
 0.146403  0.864420  0.606952  0.979455  0.500000 

Probability Opt_i
 0.832457 
 0.002930 
 0.022323 
 0.000066 
 0.142224 

Expected utility to actors: 
 0.901347 
 0.368245 
 0.753593 
 0.349411 
 0.843320 
 0.365651 

--------------------------------------- 
Assessing utility to  0 of hypo-pos: [EPosition 3]
Hypo-util minus base util: 
 -3.7376E-01  +0.0000E+00  +0.0000E+00  +0.0000E+00  +0.0000E+00  +0.0000E+00 
 -3.7173E-01  +0.0000E+00  +0.0000E+00  +0.0000E+00  +0.0000E+00  +0.0000E+00 
 -4.6593E-02  +0.0000E+00  +0.0000E+00  +0.0000E+00  +0.0000E+00  +0.0000E+00 
 -6.1656E-01  +0.0000E+00  +0.0000E+00  +0.0000E+00  +0.0000E+00  +0.0000E+00 
 -8.3755E-01  +0.0000E+00  +0.0000E+00  +0.0000E+00  +0.0000E+00  +0.0000E+00 
 -6.1349E-01  +0.0000E+00  +0.0000E+00  +0.0000E+00  +0.0000E+00  +0.0000E+00 

Util matrix is 6 x 5 
Assessing EU from util matrix: 
 0.181913  0.000000  0.932241  1.000000  0.337975 
 0.552806  1.000000  0.000000  0.397369  0.242477 
 0.477376  0.001118  0.288091  0.726647  1.000000 
 0.000000  0.185033  0.440440  0.383842  0.137144 
 0.162448  0.614454  0.380104  0.889069  0.653280 
 0.386506  0.735743  0.000000  0.408347  0.165505 

Coalition strength matrix
     0.000000     20.737838      9.463216      0.486298      1.632608 
    57.976758      0.000000     27.772086      2.865662      7.247620 
    67.285623     48.355573      0.000000      3.746858     33.769105 
   122.562642     87.703087     68.000795      0.000000     55.373375 
    77.832840     46.208933     52.146930      9.497263      0.000000 

Probability Opt_i > Opt_j
 0.500000  0.263456  0.123301  0.003952  0.020545 
 0.736544  0.500000  0.364809  0.031641  0.135580 
 0.876699  0.635191  0.500000  0.052223  0.393048 
 0.996048  0.968359  0.947777  0.500000  0.853597 
 0.979455  0.864420  0.606952  0.146403  0.500000 

Probability Opt_i
 0.000066 
 0.002930 
 0.022323 
 0.832457 
 0.142224 

Expected utility to actors: 
 0.901347 
 0.368245 
 0.753593 
 0.349411 
 0.843320 
 0.365651 

--------------------------------------- 
Assessing utility to  0 of hypo-pos: [EPosition 4]
Hypo-util minus base util: 
 -4.3897E-01  +0.0000E+00  +0.0000E+00  +0.0000E+00  +0.0000E+00  +0.0000E+00 
 -8.6329E-01  +0.0000E+00  +0.0000E+00  +0.0000E+00  +0.0000E+00  +0.0000E+00 
 -3.4035E-01  +0.0000E+00  +0.0000E+00  +0.0000E+00  +0.0000E+00  +0.0000E+00 
 -4.1899E-01  +0.0000E+00  +0.0000E+00  +0.0000E+00  +0.0000E+00  +0.0000E+00 
 -7.2260E-01  +0.0000E+00  +0.0000E+00  +0.0000E+00  +0.0000E+00  +0.0000E+00 
 -7.8794E-01  +0.0000E+00  +0.0000E+00  +0.0000E+00  +0.0000E+00  +0.0000E+00 

Util matrix is 6 x 6 
Assessing EU from util matrix: 
 0.116703  0.000000  0.932241  1.000000  0.181913  0.337975 
 0.061244  1.000000  0.000000  0.397369  0.552806  0.242477 
 0.183618  0.001118  0.288091  0.726647  0.477376  1.000000 
 0.197566  0.185033  0.440440  0.383842  0.000000  0.137144 
 0.277404  0.614454  0.380104  0.889069  0.162448  0.653280 
 0.212063  0.735743  0.000000  0.408347  0.386506  0.165505 

Coalition strength matrix
     0.000000      9.859038      0.826559      0.000000     24.086957      4.139380 
    36.779733      0.000000     27.772086      2.865662     57.976758      7.247620 
    48.330742     48.355573      0.000000      3.746858     67.285623     33.769105 
   111.758120     87.703087     68.000795      0.000000    122.562642     55.373375 
    13.768733     20.737838      9.463216      0.486298      0.000000      1.632608 
    70.021388     46.208933     52.146930      9.497263     77.832840      0.000000 

Probability Opt_i > Opt_j
 0.500000  0.211391  0.016815  0.000000  0.636284  0.055816 
 0.788609  0.500000  0.364809  0.031641  0.736544  0.135580 
 0.983185  0.635191  0.500000  0.052223  0.876699  0.393048 
 1.000000  0.968359  0.947777  0.500000  0.996048  0.853597 
 0.363716  0.263456  0.123301  0.003952  0.500000  0.020545 
 0.944184  0.864420  0.606952  0.146403  0.979455  0.500000 

Probability Opt_i
 0.000042 
 0.002961 
 0.022318 
 0.831966 
 0.000067 
 0.142646 

Expected utility to actors: 
 0.900999 
 0.368187 
 0.753664 
 0.349292 
 0.843188 
 0.365553 

--------------------------------------- 
Assessing utility to  0 of hypo-pos: [EPosition 5]
Hypo-util minus base util: 
 -5.5568E-01  +0.0000E+00  +0.0000E+00  +0.0000E+00  +0.0000E+00  +0.0000E+00 
 +7.5461E-02  +0.0000E+00  +0.0000E+00  +0.0000E+00  +0.0000E+00  +0.0000E+00 
 -5.2285E-01  +0.0000E+00  +0.0000E+00  +0.0000E+00  +0.0000E+00  +0.0000E+00 
 -4.3152E-01  +0.0000E+00  +0.0000E+00  +0.0000E+00  +0.0000E+00  +0.0000E+00 
 -3.8555E-01  +0.0000E+00  +0.0000E+00  +0.0000E+00  +0.0000E+00  +0.0000E+00 
 -2.6426E-01  +0.0000E+00  +0.0000E+00  +0.0000E+00  +0.0000E+00  +0.0000E+00 

Util matrix is 6 x 5 
Assessing EU from util matrix: 
 0.000000  0.932241  1.000000  0.181913  0.337975 
 1.000000  0.000000  0.397369  0.552806  0.242477 
 0.001118  0.288091  0.726647  0.477376  1.000000 
 0.185033  0.440440  0.383842  0.000000  0.137144 
 0.614454  0.380104  0.889069  0.162448  0.653280 
 0.735743  0.000000  0.408347  0.386506  0.165505 

Coalition strength matrix
     0.000000     27.772086      2.865662     57.976758      7.247620 
    48.355573      0.000000      3.746858     67.285623     33.769105 
    87.703087     68.000795      0.000000    122.562642     55.373375 
    20.737838      9.463216      0.486298      0.000000      1.632608 
    46.208933     52.146930      9.497263     77.832840      0.000000 

Probability Opt_i > Opt_j
 0.500000  0.364809  0.031641  0.736544  0.135580 
 0.635191  0.500000  0.052223  0.876699  0.393048 
 0.968359  0.947777  0.500000  0.996048  0.853597 
 0.263456  0.123301  0.003952  0.500000  0.020545 
 0.864420  0.606952  0.146403  0.979455  0.500000 

Probability Opt_i
 0.002930 
 0.022323 
 0.832457 
 0.000066 
 0.142224 

Expected utility to actors: 
 0.901347 
 0.368245 
 0.753593 
 0.349411 
 0.843320 
 0.365651 

--------------------------------------- 
Assessing utility to  0 of hypo-pos: [EPosition 6]
Hypo-util minus base util: 
 +4.3017E-01  +0.0000E+00  +0.0000E+00  +0.0000E+00  +0.0000E+00  +0.0000E+00 
 -6.6668E-02  +0.0000E+00  +0.0000E+00  +0.0000E+00  +0.0000E+00  +0.0000E+00 
 +3.2822E-01  +0.0000E+00  +0.0000E+00  +0.0000E+00  +0.0000E+00  +0.0000E+00 
 +3.8344E-01  +0.0000E+00  +0.0000E+00  +0.0000E+00  +0.0000E+00  +0.0000E+00 
 -1.0000E+00  +0.0000E+00  +0.0000E+00  +0.0000E+00  +0.0000E+00  +0.0000E+00 
 -4.4237E-01  +0.0000E+00  +0.0000E+00  +0.0000E+00  +0.0000E+00  +0.0000E+00 

Util matrix is 6 x 6 
Assessing EU from util matrix: 
 0.985850  0.000000  0.932241  1.000000  0.181913  0.337975 
 0.857871  1.000000  0.000000  0.397369  0.552806  0.242477 
 0.852184  0.001118  0.288091  0.726647  0.477376  1.000000 
 1.000000  0.185033  0.440440  0.383842  0.000000  0.137144 
 0.000000  0.614454  0.380104  0.889069  0.162448  0.653280 
 0.557632  0.735743  0.000000  0.408347  0.386506  0.165505 

Coalition strength matrix
     0.000000    106.232625     62.230618     47.039525     99.210909     75.146905 
    59.816100      0.000000     27.772086      2.865662     57.976758      7.247620 
    36.397581     48.355573      0.000000      3.746858     67.285623     33.769105 
    85.460424     87.703087     68.000795      0.000000    122.562642     55.373375 
    15.555464     20.737838      9.463216      0.486298      0.000000      1.632608 
    67.691692     46.208933     52.146930      9.497263     77.832840      0.000000 

Probability Opt_i > Opt_j
 0.500000  0.639768  0.630962  0.355015  0.864460  0.526097 
 0.360232  0.500000  0.364809  0.031641  0.736544  0.135580 
 0.369038  0.635191  0.500000  0.052223  0.876699  0.393048 
 0.644985  0.968359  0.947777  0.500000  0.996048  0.853597 
 0.135540  0.263456  0.123301  0.003952  0.500000  0.020545 
 0.473903  0.864420  0.606952  0.146403  0.979455  0.500000 

Probability Opt_i
 0.363234 
 0.029980 
 0.029696 
 0.487073 
 0.001149 
 0.088868 

Expected utility to actors: 
 0.903095 
 0.557319 
 0.761478 
 0.581007 
 0.520993 
 0.438655 

--------------------------------------- 
Assessing utility to  0 of hypo-pos: [EPosition 7]
Hypo-util minus base util: 
 -2.5092E-01  +0.0000E+00  +0.0000E+00  +0.0000E+00  +0.0000E+00  +0.0000E+00 
 -2.5081E-01  +0.0000E+00  +0.0000E+00  +0.0000E+00  +0.0000E+00  +0.0000E+00 
 +9.5141E-02  +0.0000E+00  +0.0000E+00  +0.0000E+00  +0.0000E+00  +0.0000E+00 
 +2.1337E-01  +0.0000E+00  +0.0000E+00  +0.0000E+00  +0.0000E+00  +0.0000E+00 
 -5.7206E-01  +0.0000E+00  +0.0000E+00  +0.0000E+00  +0.0000E+00  +0.0000E+00 
 -4.8781E-01  +0.0000E+00  +0.0000E+00  +0.0000E+00  +0.0000E+00  +0.0000E+00 

Util matrix is 6 x 6 
Assessing EU from util matrix: 
 0.304754  0.000000  0.932241  1.000000  0.181913  0.337975 
 0.673730  1.000000  0.000000  0.397369  0.552806  0.242477 
 0.619110  0.001118  0.288091  0.726647  0.477376  1.000000 
 0.829922  0.185033  0.440440  0.383842  0.000000  0.137144 
 0.427945  0.614454  0.380104  0.889069  0.162448  0.653280 
 0.512192  0.735743  0.000000  0.408347  0.386506  0.165505 

Coalition strength matrix
     0.000000     71.184443     45.507317     30.706442     88.873740     48.249747 
    19.549622      0.000000     27.772086      2.865662     57.976758      7.247620 
    14.455983     48.355573      0.000000      3.746858     67.285623     33.769105 
    63.909045     87.703087     68.000795      0.000000    122.562642     55.373375 
     0.000000     20.737838      9.463216      0.486298      0.000000      1.632608 
    35.576239     46.208933     52.146930      9.497263     77.832840      0.000000 

Probability Opt_i > Opt_j
 0.500000  0.784539  0.758919  0.324539  1.000000  0.575594 
 0.215461  0.500000  0.364809  0.031641  0.736544  0.135580 
 0.241081  0.635191  0.500000  0.052223  0.876699  0.393048 
 0.675461  0.968359  0.947777  0.500000  0.996048  0.853597 
 0.000000  0.263456  0.123301  0.003952  0.500000  0.020545 
 0.424406  0.864420  0.606952  0.146403  0.979455  0.500000 

Probability Opt_i
 0.320048 
 0.005911 
 0.011405 
 0.598783 
 0.000055 
 0.063798 

Expected utility to actors: 
 0.728523 
 0.474975 
 0.700365 
 0.510320 
 0.718976 
 0.423366 

--------------------------------------- 
Assessing utility to  0 of hypo-pos: [EPosition 8]
Hypo-util minus base util: 
 +3.7656E-01  +0.0000E+00  +0.0000E+00  +0.0000E+00  +0.0000E+00  +0.0000E+00 
 -9.2454E-01  +0.0000E+00  +0.0000E+00  +0.0000E+00  +0.0000E+00  +0.0000E+00 
 -2.3588E-01  +0.0000E+00  +0.0000E+00  +0.0000E+00  +0.0000E+00  +0.0000E+00 
 -1.7612E-01  +0.0000E+00  +0.0000E+00  +0.0000E+00  +0.0000E+00  +0.0000E+00 
 -6.1990E-01  +0.0000E+00  +0.0000E+00  +0.0000E+00  +0.0000E+00  +0.0000E+00 
 -1.0000E+00  +0.0000E+00  +0.0000E+00  +0.0000E+00  +0.0000E+00  +0.0000E+00 

Util matrix is 6 x 5 
Assessing EU from util matrix: 
 0.932241  0.000000  1.000000  0.181913  0.337975 
 0.000000  1.000000  0.397369  0.552806  0.242477 
 0.288091  0.001118  0.726647  0.477376  1.000000 
 0.440440  0.185033  0.383842  0.000000  0.137144 
 0.380104  0.614454  0.889069  0.162448  0.653280 
 0.000000  0.735743  0.408347  0.386506  0.165505 

Coalition strength matrix
     0.000000     48.355573      3.746858     67.285623     33.769105 
    27.772086      0.000000      2.865662     57.976758      7.247620 
    68.000795     87.703087      0.000000    122.562642     55.373375 
     9.463216     20.737838      0.486298      0.000000      1.632608 
    52.146930     46.208933      9.497263     77.832840      0.000000 

Probability Opt_i > Opt_j
 0.500000  0.635191  0.052223  0.876699  0.393048 
 0.364809  0.500000  0.031641  0.736544  0.135580 
 0.947777  0.968359  0.500000  0.996048  0.853597 
 0.123301  0.263456  0.003952  0.500000  0.020545 
 0.606952  0.864420  0.146403  0.979455  0.500000 

Probability Opt_i
 0.022323 
 0.002930 
 0.832457 
 0.000066 
 0.142224 

Expected utility to actors: 
 0.901347 
 0.368245 
 0.753593 
 0.349411 
 0.843320 
 0.365651 

--------------------------------------- 
Assessing utility to  0 of hypo-pos: [EPosition 9]
Hypo-util minus base util: 
 +0.0000E+00  +0.0000E+00  +0.0000E+00  +0.0000E+00  +0.0000E+00  +0.0000E+00 
 +0.0000E+00  +0.0000E+00  +0.0000E+00  +0.0000E+00  +0.0000E+00  +0.0000E+00 
 +0.0000E+00  +0.0000E+00  +0.0000E+00  +0.0000E+00  +0.0000E+00  +0.0000E+00 
 +0.0000E+00  +0.0000E+00  +0.0000E+00  +0.0000E+00  +0.0000E+00  +0.0000E+00 
 +0.0000E+00  +0.0000E+00  +0.0000E+00  +0.0000E+00  +0.0000E+00  +0.0000E+00 
 +0.0000E+00  +0.0000E+00  +0.0000E+00  +0.0000E+00  +0.0000E+00  +0.0000E+00 

Util matrix is 6 x 6 
Assessing EU from util matrix: 
 0.555677  0.000000  0.932241  1.000000  0.181913  0.337975 
 0.924539  1.000000  0.000000  0.397369  0.552806  0.242477 
 0.523969  0.001118  0.288091  0.726647  0.477376  1.000000 
 0.616555  0.185033  0.440440  0.383842  0.000000  0.137144 
 1.000000  0.614454  0.380104  0.889069  0.162448  0.653280 
 1.000000  0.735743  0.000000  0.408347  0.386506  0.165505 

Coalition strength matrix
     0.000000     97.244511     85.100186     29.449052    134.247343     74.586158 
     0.236087      0.000000     27.772086      2.865662     57.976758      7.247620 
     8.675249     48.355573      0.000000      3.746858     67.285623     33.769105 
    17.278052     87.703087     68.000795      0.000000    122.562642     55.373375 
     0.000000     20.737838      9.463216      0.486298      0.000000      1.632608 
    16.539046     46.208933     52.146930      9.497263     77.832840      0.000000 

Probability Opt_i > Opt_j
 0.500000  0.997578  0.907489  0.630235  1.000000  0.818502 
 0.002422  0.500000  0.364809  0.031641  0.736544  0.135580 
 0.092511  0.635191  0.500000  0.052223  0.876699  0.393048 
 0.369765  0.968359  0.947777  0.500000  0.996048  0.853597 
 0.000000  0.263456  0.123301  0.003952  0.500000  0.020545 
 0.181498  0.864420  0.606952  0.146403  0.979455  0.500000 

Probability Opt_i
 0.652293 
 0.000291 
 0.008416 
 0.289406 
 0.000009 
 0.049585 

Expected utility to actors: 
 0.676476 
 0.730390 
 0.604092 
 0.523822 
 0.945367 
 0.778895 

Found 10 neighbors
--------------------------------------- 
Assessing utility to  0 of hypo-pos: [EPosition 0]
Hypo-util minus base util: 
 -2.1770E-01  +0.0000E+00  +0.0000E+00  +0.0000E+00  +0.0000E+00  +0.0000E+00 
 -6.8206E-01  +0.0000E+00  +0.0000E+00  +0.0000E+00  +0.0000E+00  +0.0000E+00 
 +4.7603E-01  +0.0000E+00  +0.0000E+00  +0.0000E+00  +0.0000E+00  +0.0000E+00 
 -4.7941E-01  +0.0000E+00  +0.0000E+00  +0.0000E+00  +0.0000E+00  +0.0000E+00 
 -3.4672E-01  +0.0000E+00  +0.0000E+00  +0.0000E+00  +0.0000E+00  +0.0000E+00 
 -8.3450E-01  +0.0000E+00  +0.0000E+00  +0.0000E+00  +0.0000E+00  +0.0000E+00 

Util matrix is 6 x 5 
Assessing EU from util matrix: 
 0.337975  0.000000  0.932241  1.000000  0.181913 
 0.242477  1.000000  0.000000  0.397369  0.552806 
 1.000000  0.001118  0.288091  0.726647  0.477376 
 0.137144  0.185033  0.440440  0.383842  0.000000 
 0.653280  0.614454  0.380104  0.889069  0.162448 
 0.165505  0.735743  0.000000  0.408347  0.386506 

Coalition strength matrix
     0.000000     46.208933     52.146930      9.497263     77.832840 
     7.247620      0.000000     27.772086      2.865662     57.976758 
    33.769105     48.355573      0.000000      3.746858     67.285623 
    55.373375     87.703087     68.000795      0.000000    122.562642 
     1.632608     20.737838      9.463216      0.486298      0.000000 

Probability Opt_i > Opt_j
 0.500000  0.864420  0.606952  0.146403  0.979455 
 0.135580  0.500000  0.364809  0.031641  0.736544 
 0.393048  0.635191  0.500000  0.052223  0.876699 
 0.853597  0.968359  0.947777  0.500000  0.996048 
 0.020545  0.263456  0.123301  0.003952  0.500000 

Probability Opt_i
 0.142224 
 0.002930 
 0.022323 
 0.832457 
 0.000066 

Expected utility to actors: 
 0.901347 
 0.368245 
 0.753593 
 0.349411 
 0.843320 
 0.365651 

--------------------------------------- 
Assessing utility to  0 of hypo-pos: [EPosition 1]
Hypo-util minus base util: 
 +2.3974E-02  +0.0000E+00  +0.0000E+00  +0.0000E+00  +0.0000E+00  +0.0000E+00 
 -8.3236E-01  +0.0000E+00  +0.0000E+00  +0.0000E+00  +0.0000E+00  +0.0000E+00 
 -5.2397E-01  +0.0000E+00  +0.0000E+00  +0.0000E+00  +0.0000E+00  +0.0000E+00 
 -3.5726E-01  +0.0000E+00  +0.0000E+00  +0.0000E+00  +0.0000E+00  +0.0000E+00 
 -9.7337E-01  +0.0000E+00  +0.0000E+00  +0.0000E+00  +0.0000E+00  +0.0000E+00 
 -7.4267E-01  +0.0000E+00  +0.0000E+00  +0.0000E+00  +0.0000E+00  +0.0000E+00 

Util matrix is 6 x 6 
Assessing EU from util matrix: 
 0.579651  0.000000  0.932241  1.000000  0.181913  0.337975 
 0.092174  1.000000  0.000000  0.397369  0.552806  0.242477 
 0.000000  0.001118  0.288091  0.726647  0.477376  1.000000 
 0.259300  0.185033  0.440440  0.383842  0.000000  0.137144 
 0.026626  0.614454  0.380104  0.889069  0.162448  0.653280 
 0.257327  0.735743  0.000000  0.408347  0.386506  0.165505 

Coalition strength matrix
     0.000000     18.270481      1.058854      0.000000     26.328917     13.929445 
    60.600000      0.000000     27.772086      2.865662     57.976758      7.247620 
    63.971861     48.355573      0.000000      3.746858     67.285623     33.769105 
   127.166943     87.703087     68.000795      0.000000    122.562642     55.373375 
    31.419517     20.737838      9.463216      0.486298      0.000000      1.632608 
    95.220277     46.208933     52.146930      9.497263     77.832840      0.000000 

Probability Opt_i > Opt_j
 0.500000  0.231652  0.016282  0.000000  0.455924  0.127618 
 0.768348  0.500000  0.364809  0.031641  0.736544  0.135580 
 0.983718  0.635191  0.500000  0.052223  0.876699  0.393048 
 1.000000  0.968359  0.947777  0.500000  0.996048  0.853597 
 0.544076  0.263456  0.123301  0.003952  0.500000  0.020545 
 0.872382  0.864420  0.606952  0.146403  0.979455  0.500000 

Probability Opt_i
 0.000593 
 0.003053 
 0.022326 
 0.828758 
 0.000086 
 0.145184 

Expected utility to actors: 
 0.899000 
 0.367681 
 0.753876 
 0.348575 
 0.842061 
 0.364881 

--------------------------------------- 
Assessing utility to  0 of hypo-pos: [EPosition 2]
Hypo-util minus base util: 
 +4.4432E-01  +0.0000E+00  +0.0000E+00  +0.0000E+00  +0.0000E+00  +0.0000E+00 
 -5.2717E-01  +0.0000E+00  +0.0000E+00  +0.0000E+00  +0.0000E+00  +0.0000E+00 
 +2.0268E-01  +0.0000E+00  +0.0000E+00  +0.0000E+00  +0.0000E+00  +0.0000E+00 
 -2.3271E-01  +0.0000E+00  +0.0000E+00  +0.0000E+00  +0.0000E+00  +0.0000E+00 
 -1.1093E-01  +0.0000E+00  +0.0000E+00  +0.0000E+00  +0.0000E+00  +0.0000E+00 
 -5.9165E-01  +0.0000E+00  +0.0000E+00  +0.0000E+00  +0.0000E+00  +0.0000E+00 

Util matrix is 6 x 5 
Assessing EU from util matrix: 
 1.000000  0.000000  0.932241  0.181913  0.337975 
 0.397369  1.000000  0.000000  0.552806  0.242477 
 0.726647  0.001118  0.288091  0.477376  1.000000 
 0.383842  0.185033  0.440440  0.000000  0.137144 
 0.889069  0.614454  0.380104  0.162448  0.653280 
 0.408347  0.735743  0.000000  0.386506  0.165505 

Coalition strength matrix
     0.000000     87.703087     68.000795    122.562642     55.373375 
     2.865662      0.000000     27.772086     57.976758      7.247620 
     3.746858     48.355573      0.000000     67.285623     33.769105 
     0.486298     20.737838      9.463216      0.000000      1.632608 
     9.497263     46.208933     52.146930     77.832840      0.000000 

Probability Opt_i > Opt_j
 0.500000  0.968359  0.947777  0.996048  0.853597 
 0.031641  0.500000  0.364809  0.736544  0.135580 
 0.052223  0.635191  0.500000  0.876699  0.393048 
 0.003952  0.263456  0.123301  0.500000  0.020545 
 0.146403  0.864420  0.606952  0.979455  0.500000 

Probability Opt_i
 0.832457 
 0.002930 
 0.022323 
 0.000066 
 0.142224 

Expected utility to actors: 
 0.901347 
 0.368245 
 0.753593 
 0.349411 
 0.843320 
 0.365651 

--------------------------------------- 
Assessing utility to  0 of hypo-pos: [EPosition 3]
Hypo-util minus base util: 
 -3.7376E-01  +0.0000E+00  +0.0000E+00  +0.0000E+00  +0.0000E+00  +0.0000E+00 
 -3.7173E-01  +0.0000E+00  +0.0000E+00  +0.0000E+00  +0.0000E+00  +0.0000E+00 
 -4.6593E-02  +0.0000E+00  +0.0000E+00  +0.0000E+00  +0.0000E+00  +0.0000E+00 
 -6.1656E-01  +0.0000E+00  +0.0000E+00  +0.0000E+00  +0.0000E+00  +0.0000E+00 
 -8.3755E-01  +0.0000E+00  +0.0000E+00  +0.0000E+00  +0.0000E+00  +0.0000E+00 
 -6.1349E-01  +0.0000E+00  +0.0000E+00  +0.0000E+00  +0.0000E+00  +0.0000E+00 

Util matrix is 6 x 5 
Assessing EU from util matrix: 
 0.181913  0.000000  0.932241  1.000000  0.337975 
 0.552806  1.000000  0.000000  0.397369  0.242477 
 0.477376  0.001118  0.288091  0.726647  1.000000 
 0.000000  0.185033  0.440440  0.383842  0.137144 
 0.162448  0.614454  0.380104  0.889069  0.653280 
 0.386506  0.735743  0.000000  0.408347  0.165505 

Coalition strength matrix
     0.000000     20.737838      9.463216      0.486298      1.632608 
    57.976758      0.000000     27.772086      2.865662      7.247620 
    67.285623     48.355573      0.000000      3.746858     33.769105 
   122.562642     87.703087     68.000795      0.000000     55.373375 
    77.832840     46.208933     52.146930      9.497263      0.000000 

Probability Opt_i > Opt_j
 0.500000  0.263456  0.123301  0.003952  0.020545 
 0.736544  0.500000  0.364809  0.031641  0.135580 
 0.876699  0.635191  0.500000  0.052223  0.393048 
 0.996048  0.968359  0.947777  0.500000  0.853597 
 0.979455  0.864420  0.606952  0.146403  0.500000 

Probability Opt_i
 0.000066 
 0.002930 
 0.022323 
 0.832457 
 0.142224 

Expected utility to actors: 
 0.901347 
 0.368245 
 0.753593 
 0.349411 
 0.843320 
 0.365651 

--------------------------------------- 
Assessing utility to  0 of hypo-pos: [EPosition 4]
Hypo-util minus base util: 
 -4.3897E-01  +0.0000E+00  +0.0000E+00  +0.0000E+00  +0.0000E+00  +0.0000E+00 
 -8.6329E-01  +0.0000E+00  +0.0000E+00  +0.0000E+00  +0.0000E+00  +0.0000E+00 
 -3.4035E-01  +0.0000E+00  +0.0000E+00  +0.0000E+00  +0.0000E+00  +0.0000E+00 
 -4.1899E-01  +0.0000E+00  +0.0000E+00  +0.0000E+00  +0.0000E+00  +0.0000E+00 
 -7.2260E-01  +0.0000E+00  +0.0000E+00  +0.0000E+00  +0.0000E+00  +0.0000E+00 
 -7.8794E-01  +0.0000E+00  +0.0000E+00  +0.0000E+00  +0.0000E+00  +0.0000E+00 

Util matrix is 6 x 6 
Assessing EU from util matrix: 
 0.116703  0.000000  0.932241  1.000000  0.181913  0.337975 
 0.061244  1.000000  0.000000  0.397369  0.552806  0.242477 
 0.183618  0.001118  0.288091  0.726647  0.477376  1.000000 
 0.197566  0.185033  0.440440  0.383842  0.000000  0.137144 
 0.277404  0.614454  0.380104  0.889069  0.162448  0.653280 
 0.212063  0.735743  0.000000  0.408347  0.386506  0.165505 

Coalition strength matrix
     0.000000      9.859038      0.826559      0.000000     24.086957      4.139380 
    36.779733      0.000000     27.772086      2.865662     57.976758      7.247620 
    48.330742     48.355573      0.000000      3.746858     67.285623     33.769105 
   111.758120     87.703087     68.000795      0.000000    122.562642     55.373375 
    13.768733     20.737838      9.463216      0.486298      0.000000      1.632608 
    70.021388     46.208933     52.146930      9.497263     77.832840      0.000000 

Probability Opt_i > Opt_j
 0.500000  0.211391  0.016815  0.000000  0.636284  0.055816 
 0.788609  0.500000  0.364809  0.031641  0.736544  0.135580 
 0.983185  0.635191  0.500000  0.052223  0.876699  0.393048 
 1.000000  0.968359  0.947777  0.500000  0.996048  0.853597 
 0.363716  0.263456  0.123301  0.003952  0.500000  0.020545 
 0.944184  0.864420  0.606952  0.146403  0.979455  0.500000 

Probability Opt_i
 0.000042 
 0.002961 
 0.022318 
 0.831966 
 0.000067 
 0.142646 

Expected utility to actors: 
 0.900999 
 0.368187 
 0.753664 
 0.349292 
 0.843188 
 0.365553 

--------------------------------------- 
Assessing utility to  0 of hypo-pos: [EPosition 5]
Hypo-util minus base util: 
 -5.5568E-01  +0.0000E+00  +0.0000E+00  +0.0000E+00  +0.0000E+00  +0.0000E+00 
 +7.5461E-02  +0.0000E+00  +0.0000E+00  +0.0000E+00  +0.0000E+00  +0.0000E+00 
 -5.2285E-01  +0.0000E+00  +0.0000E+00  +0.0000E+00  +0.0000E+00  +0.0000E+00 
 -4.3152E-01  +0.0000E+00  +0.0000E+00  +0.0000E+00  +0.0000E+00  +0.0000E+00 
 -3.8555E-01  +0.0000E+00  +0.0000E+00  +0.0000E+00  +0.0000E+00  +0.0000E+00 
 -2.6426E-01  +0.0000E+00  +0.0000E+00  +0.0000E+00  +0.0000E+00  +0.0000E+00 

Util matrix is 6 x 5 
