  Software version:  
  Start time: Sat Oct 15 11:37:22 2016

Using PRNG seed:  03048962486573118966 
Same seed in hex:   0x2A50173A39AEB5F6 
-----------------------------------

Using PRNG seed: 03048962486573118966 
Creating EModel objects ... 
SQL Logging Flags
Using PRNG seed: 03048962486573118966 
Scenario assigned name: -|EModel-TwoDPoint|-
Populating EModel-TwoDPoint
Now have 10201 enumerated options

SQL Logging Flags
Using PRNG seed: 03048962486573118966 
Scenario assigned name: -|EModel-VBool|-
Populating EModel-VBool
0.4376 0.3490 0.6343 0.0132 0.8559 0.4922 0.7983 0.7153 0.3514 0.1094 0.5137 0.0000 1.0000 0.2911 0.6278 0.2448 
0.3532 0.0000 0.0846 0.5371 0.0895 0.4148 0.5360 0.3961 0.3260 0.6662 0.7861 0.6311 0.7217 0.4563 0.5167 1.0000 
1.0000 0.5822 0.7729 0.2853 0.7874 0.3739 0.5832 0.2699 0.6495 0.4071 0.5712 0.1171 0.6886 0.1455 0.4196 0.0000 
0.4858 0.8971 0.3705 0.4824 0.3800 0.5099 0.0000 0.3982 0.8002 1.0000 0.4105 0.8578 0.5992 0.9806 0.5068 0.4398 
0.5317 0.0000 0.5477 0.4933 0.1381 0.1662 0.7493 0.2480 0.4692 0.4020 1.0000 0.4280 0.6672 0.0525 0.6789 0.6429 
0.4791 0.2093 1.0000 0.7857 0.2982 0.2014 0.8245 0.6636 0.3698 0.1008 0.8856 0.7130 0.1736 0.0000 0.7549 0.5247 
0.4113 0.5472 0.7332 0.4758 0.9102 0.5251 0.7340 1.0000 0.2783 0.0000 0.2504 0.5094 0.2972 0.5123 0.7933 0.4441 
0.7100 0.9071 0.5195 0.7642 0.7947 1.0000 0.6758 0.9280 0.1856 0.5554 0.0000 0.3669 0.2593 0.6282 0.0676 0.3086 
0.4814 0.7325 0.6372 0.6317 0.1144 0.0791 0.0000 0.2236 0.9227 0.8891 0.8336 1.0000 0.4425 0.6251 0.5997 0.4392 
1.0000 0.2877 0.6251 0.7463 0.1345 0.4489 0.5062 0.0497 0.3365 0.4398 0.4724 0.4389 0.3522 0.0000 0.2318 0.0969 
1.0000 0.2055 0.2458 0.5560 0.2941 0.7697 0.8047 0.1341 0.3167 0.8078 0.6361 0.0000 0.7990 0.0609 0.0506 0.5121 
0.0000 0.4331 0.6683 0.7661 0.2181 0.3668 0.4600 1.0000 0.0781 0.1480 0.4692 0.7713 0.0538 0.3784 0.7138 0.6378 
0.5307 0.6877 1.0000 0.7836 0.4158 0.2528 0.6749 0.3859 0.4528 0.2224 0.6723 0.6977 0.0000 0.1189 0.2794 0.3551 
0.2920 0.3202 0.0000 0.4967 0.2133 0.8111 0.4267 0.5500 0.3589 0.8730 0.4208 0.6115 0.5992 0.8254 0.5643 1.0000 
0.5793 0.3969 0.1691 0.3468 0.7987 1.0000 0.6209 0.4717 0.4968 0.5327 0.1030 0.0000 0.9219 0.8647 0.5074 0.7154 
0.0011 0.1367 0.0093 0.4006 0.4052 0.6287 0.3874 0.9038 0.0000 0.3777 0.1768 0.5805 0.4054 0.9360 0.5297 1.0000 
1.0000 0.0768 0.1575 0.5883 0.0786 0.6139 0.5825 0.0000 0.6434 0.8142 0.7847 0.2972 0.9065 0.2335 0.2400 0.8067 

Now have 16 enumerated options
Deleting EModel objects ... 
Using PRNG seed: 03048962486573118966 

Creating EModel<string> objects ... 
SQL Logging Flags
Using PRNG seed: 03048962486573118966 
Scenario assigned name: -|EModel-KEM-Policy|-
Populating EModel-KEM-Policy
Now have 6 enumerated options
Length of state history: 0

=====================================
Creating EKEModel objects ... 
SQL Logging Flags
Using PRNG seed: 03048962486573118966 
Scenario assigned name: -|EModel-Matrix-KEM|-
Actor weight vector: 
  6.21  41.41  38.96   2.40  18.82  17.90 

Utility(actor, option) matrix:
0.267 0.835 0.043 0.333 0.604 0.094 1.000 0.000 0.102 0.039 
0.995 0.008 0.000 0.635 0.553 0.352 0.585 1.000 0.686 0.584 
0.673 0.961 0.763 0.388 0.236 1.000 0.962 0.771 0.796 0.000 
0.580 0.163 0.308 0.753 0.089 0.749 0.610 0.169 1.000 0.000 
0.536 0.085 0.631 1.000 0.531 0.755 0.000 0.365 0.026 0.293 
0.223 0.964 0.183 0.712 0.890 1.000 0.954 0.000 0.648 0.428 

Number of options 10 
Number of actors 6 
PCE over entire option-space:
 0.201  0.042  0.005  0.109  0.025  0.236  0.201  0.127  0.052  0.003 
Zeta over entire option-space:
  84.6   62.2   45.9   76.9   62.0   88.0   86.4   78.7   74.5   37.6 
af-corr(p2,zeta): 0.886 
af-corr(logp2,zeta): 0.989 
 0  0.2011    -1.604   84.6  
 1  0.0416    -3.179   62.2  
 2  0.0055    -5.206   45.9  
 3  0.1087    -2.219   76.9  
 4  0.0249    -3.691   62.0  
 5  0.2360    -1.444   88.0  
 6  0.2008    -1.605   86.4  
 7  0.1272    -2.062   78.7  
 8  0.0515    -2.966   74.5  
 9  0.0026    -5.949   37.6  
--------------
First state:
[EState 9 2 4 8 6 9]
Starting Model::run iteration 1

State number 0
[EState 9 2 4 8 6 9]
Setting all utilities from objective perspective
Doing actual SUSN
Util matrix is 6 x 6 
Assessing EU from util matrix: 
 0.038633  0.043352  0.604478  0.101941  1.000000  0.038633 
 0.583619  0.000000  0.553179  0.686276  0.584847  0.583619 
 0.000000  0.762553  0.235927  0.795718  0.961891  0.000000 
 0.000000  0.308265  0.088954  1.000000  0.609571  0.000000 
 0.293139  0.630801  0.531428  0.026165  0.000000  0.293139 
 0.427777  0.182886  0.889504  0.647899  0.954474  0.427777 

Coalition strength matrix
     0.000000     28.549214      1.260415      5.024904      5.517368      0.000000 
    36.830137      0.000000     22.911642     11.380289     11.872753     36.830137 
    25.668302     39.038607      0.000000     16.955481     10.002382     25.668302 
    41.979500     40.053962     29.502189      0.000000      5.627967     41.979500 
    54.382194     52.456656     34.459321     17.538198      0.000000     54.382194 
     0.000000     28.549214      1.260415      5.024904      5.517368      0.000000 

Probability Opt_i > Opt_j
 0.500000  0.436670  0.046806  0.106903  0.092110  0.500000 
 0.563330  0.500000  0.369839  0.221259  0.184562  0.563330 
 0.953194  0.630161  0.500000  0.364966  0.224966  0.953194 
 0.893097  0.778741  0.635034  0.500000  0.242939  0.893097 
 0.907890  0.815438  0.775034  0.757061  0.500000  0.907890 
 0.500000  0.436670  0.046806  0.106903  0.092110  0.500000 

Probability Opt_i
 0.009427 
 0.073026 
 0.112934 
 0.135211 
 0.659975 
 0.009427 

Expected utility to actors: 
 0.745919 
 0.552253 
 0.824745 
 0.570070 
 0.115146 
 0.839408 

Actor expected utilities in actual state: 0.7459, 0.5523, 0.8247, 0.5701, 0.1151, 0.8394, 

--------------------------------------- 
Assessing utility of actual state to all actors 
  actual utilities not available
  actual utilities not available
  actual utilities not available
  actual utilities not available
  actual utilities not available
  actual utilities not available

Positions in this state: [EState 9 2 4 8 6 9]

Out of 6 positions, 5 were unique, with these indices:  0  1  2  3  4 
Util matrix is 6 x 5 
Assessing EU from util matrix: 
 0.038633  0.043352  0.604478  0.101941  1.000000 
 0.583619  0.000000  0.553179  0.686276  0.584847 
 0.000000  0.762553  0.235927  0.795718  0.961891 
 0.000000  0.308265  0.088954  1.000000  0.609571 
 0.293139  0.630801  0.531428  0.026165  0.000000 
 0.427777  0.182886  0.889504  0.647899  0.954474 

Coalition strength matrix
     0.000000     28.549214      1.260415      5.024904      5.517368 
    36.830137      0.000000     22.911642     11.380289     11.872753 
    25.668302     39.038607      0.000000     16.955481     10.002382 
    41.979500     40.053962     29.502189      0.000000      5.627967 
    54.382194     52.456656     34.459321     17.538198      0.000000 

Probability Opt_i > Opt_j
 0.500000  0.436670  0.046806  0.106903  0.092110 
 0.563330  0.500000  0.369839  0.221259  0.184562 
 0.953194  0.630161  0.500000  0.364966  0.224966 
 0.893097  0.778741  0.635034  0.500000  0.242939 
 0.907890  0.815438  0.775034  0.757061  0.500000 

Probability Opt_i
 0.010330 
 0.073977 
 0.119015 
 0.138753 
 0.657926 

Expected utility to actors: 
 0.747618 
 0.551873 
 0.827752 
 0.573197 
 0.116571 
 0.841683 

This SQLite3 library WAS compiled to be threadsafe.
Can continue multi-threaded
Calculating new position 0 
Started newPosFn for 0
---------------------------------------- 
Search for best next-position of actor  0 
--------------------------------------- 
Assessing utility to  0 of hypo-pos: [EPosition 9]
Hypo-util minus base util: 
 +0.0000E+00  +0.0000E+00  +0.0000E+00  +0.0000E+00  +0.0000E+00  +0.0000E+00 
 +0.0000E+00  +0.0000E+00  +0.0000E+00  +0.0000E+00  +0.0000E+00  +0.0000E+00 
 +0.0000E+00  +0.0000E+00  +0.0000E+00  +0.0000E+00  +0.0000E+00  +0.0000E+00 
 +0.0000E+00  +0.0000E+00  +0.0000E+00  +0.0000E+00  +0.0000E+00  +0.0000E+00 
 +0.0000E+00  +0.0000E+00  +0.0000E+00  +0.0000E+00  +0.0000E+00  +0.0000E+00 
 +0.0000E+00  +0.0000E+00  +0.0000E+00  +0.0000E+00  +0.0000E+00  +0.0000E+00 

Util matrix is 6 x 5 
Assessing EU from util matrix: 
 0.038633  0.043352  0.604478  0.101941  1.000000 
 0.583619  0.000000  0.553179  0.686276  0.584847 
 0.000000  0.762553  0.235927  0.795718  0.961891 
 0.000000  0.308265  0.088954  1.000000  0.609571 
 0.293139  0.630801  0.531428  0.026165  0.000000 
 0.427777  0.182886  0.889504  0.647899  0.954474 

Coalition strength matrix
     0.000000     28.549214      1.260415      5.024904      5.517368 
    36.830137      0.000000     22.911642     11.380289     11.872753 
    25.668302     39.038607      0.000000     16.955481     10.002382 
    41.979500     40.053962     29.502189      0.000000      5.627967 
    54.382194     52.456656     34.459321     17.538198      0.000000 

Probability Opt_i > Opt_j
 0.500000  0.436670  0.046806  0.106903  0.092110 
 0.563330  0.500000  0.369839  0.221259  0.184562 
 0.953194  0.630161  0.500000  0.364966  0.224966 
 0.893097  0.778741  0.635034  0.500000  0.242939 
 0.907890  0.815438  0.775034  0.757061  0.500000 

Probability Opt_i
 0.010330 
 0.073977 
 0.119015 
 0.138753 
 0.657926 

Expected utility to actors: 
 0.747618 
 0.551873 
 0.827752 
 0.573197 
 0.116571 
 0.841683 

Found 10 neighbors
--------------------------------------- 
Assessing utility to  0 of hypo-pos: [EPosition 0]
Hypo-util minus base util: 
 +2.2817E-01  +0.0000E+00  +0.0000E+00  +0.0000E+00  +0.0000E+00  +0.0000E+00 
 +4.1150E-01  +0.0000E+00  +0.0000E+00  +0.0000E+00  +0.0000E+00  +0.0000E+00 
 +6.7331E-01  +0.0000E+00  +0.0000E+00  +0.0000E+00  +0.0000E+00  +0.0000E+00 
 +5.7962E-01  +0.0000E+00  +0.0000E+00  +0.0000E+00  +0.0000E+00  +0.0000E+00 
 +2.4272E-01  +0.0000E+00  +0.0000E+00  +0.0000E+00  +0.0000E+00  +0.0000E+00 
 -2.0469E-01  +0.0000E+00  +0.0000E+00  +0.0000E+00  +0.0000E+00  +0.0000E+00 

Util matrix is 6 x 6 
Assessing EU from util matrix: 
 0.266800  0.043352  0.604478  0.101941  1.000000  0.038633 
 0.995124  0.000000  0.553179  0.686276  0.584847  0.583619 
 0.673315  0.762553  0.235927  0.795718  0.961891  0.000000 
 0.579622  0.308265  0.088954  1.000000  0.609571  0.000000 
 0.535858  0.630801  0.531428  0.026165  0.000000  0.293139 
 0.223092  0.182886  0.889504  0.647899  0.954474  0.427777 

Coalition strength matrix
     0.000000     43.961767     36.597781     23.405175     27.073715     50.643373 
     5.263420      0.000000     22.911642     11.380289     11.872753     36.830137 
    14.026398     39.038607      0.000000     16.955481     10.002382     25.668302 
    13.380501     40.053962     29.502189      0.000000      5.627967     41.979500 
    28.959271     52.456656     34.459321     17.538198      0.000000     54.382194 
     3.664103     28.549214      1.260415      5.024904      5.517368      0.000000 

Probability Opt_i > Opt_j
 0.500000  0.893075  0.722931  0.636258  0.483175  0.932530 
 0.106925  0.500000  0.369839  0.221259  0.184562  0.563330 
 0.277069  0.630161  0.500000  0.364966  0.224966  0.953194 
 0.363742  0.778741  0.635034  0.500000  0.242939  0.893097 
 0.516825  0.815438  0.775034  0.757061  0.500000  0.907890 
 0.067470  0.436670  0.046806  0.106903  0.092110  0.500000 

Probability Opt_i
 0.412235 
 0.017602 
 0.053386 
 0.080775 
 0.433619 
 0.002382 

Expected utility to actors: 
 0.584964 
 0.750182 
 0.784951 
 0.594213 
 0.263186 
 0.609904 

--------------------------------------- 
Assessing utility to  0 of hypo-pos: [EPosition 1]
Hypo-util minus base util: 
 +7.9652E-01  +0.0000E+00  +0.0000E+00  +0.0000E+00  +0.0000E+00  +0.0000E+00 
 -5.7601E-01  +0.0000E+00  +0.0000E+00  +0.0000E+00  +0.0000E+00  +0.0000E+00 
 +9.6105E-01  +0.0000E+00  +0.0000E+00  +0.0000E+00  +0.0000E+00  +0.0000E+00 
 +1.6347E-01  +0.0000E+00  +0.0000E+00  +0.0000E+00  +0.0000E+00  +0.0000E+00 
 -2.0831E-01  +0.0000E+00  +0.0000E+00  +0.0000E+00  +0.0000E+00  +0.0000E+00 
 +5.3581E-01  +0.0000E+00  +0.0000E+00  +0.0000E+00  +0.0000E+00  +0.0000E+00 

Util matrix is 6 x 6 
Assessing EU from util matrix: 
 0.835158  0.043352  0.604478  0.101941  1.000000  0.038633 
 0.007608  0.000000  0.553179  0.686276  0.584847  0.583619 
 0.961049  0.762553  0.235927  0.795718  0.961891  0.000000 
 0.163471  0.308265  0.088954  1.000000  0.609571  0.000000 
 0.084832  0.630801  0.531428  0.026165  0.000000  0.293139 
 0.963589  0.182886  0.889504  0.647899  0.954474  0.427777 

Coalition strength matrix
     0.000000     26.940079     31.185671     17.749174      1.759838     52.368959 
    10.623099      0.000000     22.911642     11.380289     11.872753     36.830137 
    30.995656     39.038607      0.000000     16.955481     10.002382     25.668302 
    30.105867     40.053962     29.502189      0.000000      5.627967     41.979500 
    26.026762     52.456656     34.459321     17.538198      0.000000     54.382194 
    27.771056     28.549214      1.260415      5.024904      5.517368      0.000000 

Probability Opt_i > Opt_j
 0.500000  0.717194  0.501528  0.370895  0.063334  0.653468 
 0.282806  0.500000  0.369839  0.221259  0.184562  0.563330 
 0.498472  0.630161  0.500000  0.364966  0.224966  0.953194 
 0.629105  0.778741  0.635034  0.500000  0.242939  0.893097 
 0.936666  0.815438  0.775034  0.757061  0.500000  0.907890 
 0.346532  0.436670  0.046806  0.106903  0.092110  0.500000 

Probability Opt_i
 0.053082 
 0.066253 
 0.118547 
 0.142617 
 0.607300 
 0.012201 

Expected utility to actors: 
 0.741172 
 0.526154 
 0.827144 
 0.552456 
 0.116603 
 0.845986 

--------------------------------------- 
Assessing utility to  0 of hypo-pos: [EPosition 2]
Hypo-util minus base util: 
 +4.7187E-03  +0.0000E+00  +0.0000E+00  +0.0000E+00  +0.0000E+00  +0.0000E+00 
 -5.8362E-01  +0.0000E+00  +0.0000E+00  +0.0000E+00  +0.0000E+00  +0.0000E+00 
 +7.6255E-01  +0.0000E+00  +0.0000E+00  +0.0000E+00  +0.0000E+00  +0.0000E+00 
 +3.0827E-01  +0.0000E+00  +0.0000E+00  +0.0000E+00  +0.0000E+00  +0.0000E+00 
 +3.3766E-01  +0.0000E+00  +0.0000E+00  +0.0000E+00  +0.0000E+00  +0.0000E+00 
 -2.4489E-01  +0.0000E+00  +0.0000E+00  +0.0000E+00  +0.0000E+00  +0.0000E+00 

Util matrix is 6 x 5 
Assessing EU from util matrix: 
 0.043352  0.604478  0.101941  1.000000  0.038633 
 0.000000  0.553179  0.686276  0.584847  0.583619 
 0.762553  0.235927  0.795718  0.961891  0.000000 
 0.308265  0.088954  1.000000  0.609571  0.000000 
 0.630801  0.531428  0.026165  0.000000  0.293139 
 0.182886  0.889504  0.647899  0.954474  0.427777 

Coalition strength matrix
     0.000000     22.911642     11.380289     11.872753     36.830137 
    39.038607      0.000000     16.955481     10.002382     25.668302 
    40.053962     29.502189      0.000000      5.627967     41.979500 
    52.456656     34.459321     17.538198      0.000000     54.382194 
    28.549214      1.260415      5.024904      5.517368      0.000000 

Probability Opt_i > Opt_j
 0.500000  0.369839  0.221259  0.184562  0.563330 
 0.630161  0.500000  0.364966  0.224966  0.953194 
 0.778741  0.635034  0.500000  0.242939  0.893097 
 0.815438  0.775034  0.757061  0.500000  0.907890 
 0.436670  0.046806  0.106903  0.092110  0.500000 

Probability Opt_i
 0.073977 
 0.119015 
 0.138753 
 0.657926 
 0.010330 

Expected utility to actors: 
 0.747618 
 0.551873 
 0.827752 
 0.573197 
 0.116571 
 0.841683 

--------------------------------------- 
Assessing utility to  0 of hypo-pos: [EPosition 3]
Hypo-util minus base util: 
 +2.9486E-01  +0.0000E+00  +0.0000E+00  +0.0000E+00  +0.0000E+00  +0.0000E+00 
 +5.1766E-02  +0.0000E+00  +0.0000E+00  +0.0000E+00  +0.0000E+00  +0.0000E+00 
 +3.8836E-01  +0.0000E+00  +0.0000E+00  +0.0000E+00  +0.0000E+00  +0.0000E+00 
 +7.5346E-01  +0.0000E+00  +0.0000E+00  +0.0000E+00  +0.0000E+00  +0.0000E+00 
 +7.0686E-01  +0.0000E+00  +0.0000E+00  +0.0000E+00  +0.0000E+00  +0.0000E+00 
 +2.8407E-01  +0.0000E+00  +0.0000E+00  +0.0000E+00  +0.0000E+00  +0.0000E+00 

Util matrix is 6 x 6 
Assessing EU from util matrix: 
 0.333497  0.043352  0.604478  0.101941  1.000000  0.038633 
 0.635385  0.000000  0.553179  0.686276  0.584847  0.583619 
 0.388356  0.762553  0.235927  0.795718  0.961891  0.000000 
 0.753462  0.308265  0.088954  1.000000  0.609571  0.000000 
 1.000000  0.630801  0.531428  0.026165  0.000000  0.293139 
 0.711844  0.182886  0.889504  0.647899  0.954474  0.427777 

Coalition strength matrix
     0.000000     45.595401     19.753927     20.911804     21.259165     39.298812 
    14.577512      0.000000     22.911642     11.380289     11.872753     36.830137 
     4.863003     39.038607      0.000000     16.955481     10.002382     25.668302 
    18.567587     40.053962     29.502189      0.000000      5.627967     41.979500 
    30.825180     52.456656     34.459321     17.538198      0.000000     54.382194 
     0.000000     28.549214      1.260415      5.024904      5.517368      0.000000 

Probability Opt_i > Opt_j
 0.500000  0.757740  0.802453  0.529689  0.408168  1.000000 
 0.242260  0.500000  0.369839  0.221259  0.184562  0.563330 
 0.197547  0.630161  0.500000  0.364966  0.224966  0.953194 
 0.470311  0.778741  0.635034  0.500000  0.242939  0.893097 
 0.591832  0.815438  0.775034  0.757061  0.500000  0.907890 
 0.000000  0.436670  0.046806  0.106903  0.092110  0.500000 

Probability Opt_i
 0.302387 
 0.035359 
 0.044206 
 0.115545 
 0.499045 
 0.003458 

Expected utility to actors: 
 0.640057 
 0.589765 
 0.726795 
 0.662418 
 0.352221 
 0.813706 

--------------------------------------- 
Assessing utility to  0 of hypo-pos: [EPosition 4]
Hypo-util minus base util: 
 +5.6585E-01  +0.0000E+00  +0.0000E+00  +0.0000E+00  +0.0000E+00  +0.0000E+00 
 -3.0440E-02  +0.0000E+00  +0.0000E+00  +0.0000E+00  +0.0000E+00  +0.0000E+00 
 +2.3593E-01  +0.0000E+00  +0.0000E+00  +0.0000E+00  +0.0000E+00  +0.0000E+00 
 +8.8954E-02  +0.0000E+00  +0.0000E+00  +0.0000E+00  +0.0000E+00  +0.0000E+00 
 +2.3829E-01  +0.0000E+00  +0.0000E+00  +0.0000E+00  +0.0000E+00  +0.0000E+00 
 +4.6173E-01  +0.0000E+00  +0.0000E+00  +0.0000E+00  +0.0000E+00  +0.0000E+00 

Util matrix is 6 x 5 
Assessing EU from util matrix: 
 0.604478  0.043352  0.101941  1.000000  0.038633 
 0.553179  0.000000  0.686276  0.584847  0.583619 
 0.235927  0.762553  0.795718  0.961891  0.000000 
 0.088954  0.308265  1.000000  0.609571  0.000000 
 0.531428  0.630801  0.026165  0.000000  0.293139 
 0.889504  0.182886  0.647899  0.954474  0.427777 

Coalition strength matrix
     0.000000     39.038607     16.955481     10.002382     25.668302 
    22.911642      0.000000     11.380289     11.872753     36.830137 
    29.502189     40.053962      0.000000      5.627967     41.979500 
    34.459321     52.456656     17.538198      0.000000     54.382194 
     1.260415     28.549214      5.024904      5.517368      0.000000 

Probability Opt_i > Opt_j
 0.500000  0.630161  0.364966  0.224966  0.953194 
 0.369839  0.500000  0.221259  0.184562  0.563330 
 0.635034  0.778741  0.500000  0.242939  0.893097 
 0.775034  0.815438  0.757061  0.500000  0.907890 
 0.046806  0.436670  0.106903  0.092110  0.500000 

Probability Opt_i
 0.119015 
 0.073977 
 0.138753 
 0.657926 
 0.010330 

Expected utility to actors: 
 0.747618 
 0.551873 
 0.827752 
 0.573197 
 0.116571 
 0.841683 

--------------------------------------- 
Assessing utility to  0 of hypo-pos: [EPosition 5]
Hypo-util minus base util: 
 +5.5048E-02  +0.0000E+00  +0.0000E+00  +0.0000E+00  +0.0000E+00  +0.0000E+00 
 -2.3158E-01  +0.0000E+00  +0.0000E+00  +0.0000E+00  +0.0000E+00  +0.0000E+00 
 +1.0000E+00  +0.0000E+00  +0.0000E+00  +0.0000E+00  +0.0000E+00  +0.0000E+00 
 +7.4879E-01  +0.0000E+00  +0.0000E+00  +0.0000E+00  +0.0000E+00  +0.0000E+00 
 +4.6230E-01  +0.0000E+00  +0.0000E+00  +0.0000E+00  +0.0000E+00  +0.0000E+00 
 +5.7222E-01  +0.0000E+00  +0.0000E+00  +0.0000E+00  +0.0000E+00  +0.0000E+00 

Util matrix is 6 x 6 
Assessing EU from util matrix: 
 0.093681  0.043352  0.604478  0.101941  1.000000  0.038633 
 0.352037  0.000000  0.553179  0.686276  0.584847  0.583619 
 1.000000  0.762553  0.235927  0.795718  0.961891  0.000000 
 0.748790  0.308265  0.088954  1.000000  0.609571  0.000000 
 0.755441  0.630801  0.531428  0.026165  0.000000  0.293139 
 1.000000  0.182886  0.889504  0.647899  0.954474  0.427777 

Coalition strength matrix
     0.000000     42.168212     37.541568     27.987418     16.851900     60.038043 
     0.000000      0.000000     22.911642     11.380289     11.872753     36.830137 
    11.500321     39.038607      0.000000     16.955481     10.002382     25.668302 
    14.492878     40.053962     29.502189      0.000000      5.627967     41.979500 
    15.267591     52.456656     34.459321     17.538198      0.000000     54.382194 
     9.588908     28.549214      1.260415      5.024904      5.517368      0.000000 

Probability Opt_i > Opt_j
 0.500000  1.000000  0.765500  0.658833  0.524663  0.862282 
 0.000000  0.500000  0.369839  0.221259  0.184562  0.563330 
 0.234500  0.630161  0.500000  0.364966  0.224966  0.953194 
 0.341167  0.778741  0.635034  0.500000  0.242939  0.893097 
 0.475337  0.815438  0.775034  0.757061  0.500000  0.907890 
 0.137718  0.436670  0.046806  0.106903  0.092110  0.500000 

Probability Opt_i
 0.448424 
 0.017220 
 0.054955 
 0.108931 
 0.362423 
 0.008047 

Expected utility to actors: 
 0.449813 
 0.479677 
 0.909811 
 0.675826 
 0.384034 
 0.920398 

--------------------------------------- 
Assessing utility to  0 of hypo-pos: [EPosition 6]
Hypo-util minus base util: 
 +9.6137E-01  +0.0000E+00  +0.0000E+00  +0.0000E+00  +0.0000E+00  +0.0000E+00 
 +1.2278E-03  +0.0000E+00  +0.0000E+00  +0.0000E+00  +0.0000E+00  +0.0000E+00 
 +9.6189E-01  +0.0000E+00  +0.0000E+00  +0.0000E+00  +0.0000E+00  +0.0000E+00 
 +6.0957E-01  +0.0000E+00  +0.0000E+00  +0.0000E+00  +0.0000E+00  +0.0000E+00 
 -2.9314E-01  +0.0000E+00  +0.0000E+00  +0.0000E+00  +0.0000E+00  +0.0000E+00 
 +5.2670E-01  +0.0000E+00  +0.0000E+00  +0.0000E+00  +0.0000E+00  +0.0000E+00 

Util matrix is 6 x 5 
Assessing EU from util matrix: 
 1.000000  0.043352  0.604478  0.101941  0.038633 
 0.584847  0.000000  0.553179  0.686276  0.583619 
 0.961891  0.762553  0.235927  0.795718  0.000000 
 0.609571  0.308265  0.088954  1.000000  0.000000 
 0.000000  0.630801  0.531428  0.026165  0.293139 
 0.954474  0.182886  0.889504  0.647899  0.427777 

Coalition strength matrix
     0.000000     52.456656     34.459321     17.538198     54.382194 
    11.872753      0.000000     22.911642     11.380289     36.830137 
    10.002382     39.038607      0.000000     16.955481     25.668302 
     5.627967     40.053962     29.502189      0.000000     41.979500 
     5.517368     28.549214      1.260415      5.024904      0.000000 

Probability Opt_i > Opt_j
 0.500000  0.815438  0.775034  0.757061  0.907890 
 0.184562  0.500000  0.369839  0.221259  0.563330 
 0.224966  0.630161  0.500000  0.364966  0.953194 
 0.242939  0.778741  0.635034  0.500000  0.893097 
 0.092110  0.436670  0.046806  0.106903  0.500000 

Probability Opt_i
 0.657926 
 0.073977 
 0.119015 
 0.138753 
 0.010330 

Expected utility to actors: 
 0.747618 
 0.551873 
 0.827752 
 0.573197 
 0.116571 
 0.841683 

--------------------------------------- 
Assessing utility to  0 of hypo-pos: [EPosition 7]
Hypo-util minus base util: 
 -3.8633E-02  +0.0000E+00  +0.0000E+00  +0.0000E+00  +0.0000E+00  +0.0000E+00 
 +4.1638E-01  +0.0000E+00  +0.0000E+00  +0.0000E+00  +0.0000E+00  +0.0000E+00 
 +7.7069E-01  +0.0000E+00  +0.0000E+00  +0.0000E+00  +0.0000E+00  +0.0000E+00 
 +1.6927E-01  +0.0000E+00  +0.0000E+00  +0.0000E+00  +0.0000E+00  +0.0000E+00 
 +7.1738E-02  +0.0000E+00  +0.0000E+00  +0.0000E+00  +0.0000E+00  +0.0000E+00 
 -4.2778E-01  +0.0000E+00  +0.0000E+00  +0.0000E+00  +0.0000E+00  +0.0000E+00 

Util matrix is 6 x 6 
Assessing EU from util matrix: 
 0.000000  0.043352  0.604478  0.101941  1.000000  0.038633 
 1.000000  0.000000  0.553179  0.686276  0.584847  0.583619 
 0.770691  0.762553  0.235927  0.795718  0.961891  0.000000 
 0.169271  0.308265  0.088954  1.000000  0.609571  0.000000 
 0.364876  0.630801  0.531428  0.026165  0.000000  0.293139 
 0.000000  0.182886  0.889504  0.647899  0.954474  0.427777 

Coalition strength matrix
     0.000000     41.723135     39.526314     19.365218     24.057456     49.020301 
     8.881357      0.000000     22.911642     11.380289     11.872753     36.830137 
    22.811500     39.038607      0.000000     16.955481     10.002382     25.668302 
    15.197112     40.053962     29.502189      0.000000      5.627967     41.979500 
    31.799581     52.456656     34.459321     17.538198      0.000000     54.382194 
     7.897600     28.549214      1.260415      5.024904      5.517368      0.000000 

Probability Opt_i > Opt_j
 0.500000  0.824495  0.634066  0.560298  0.430697  0.861246 
 0.175505  0.500000  0.369839  0.221259  0.184562  0.563330 
 0.365934  0.630161  0.500000  0.364966  0.224966  0.953194 
 0.439702  0.778741  0.635034  0.500000  0.242939  0.893097 
 0.569303  0.815438  0.775034  0.757061  0.500000  0.907890 
 0.138754  0.436670  0.046806  0.106903  0.092110  0.500000 

Probability Opt_i
 0.342877 
 0.025018 
 0.080671 
 0.095388 
 0.451588 
 0.004457 

Expected utility to actors: 
 0.511333 
 0.719676 
 0.812644 
 0.443591 
 0.187562 
 0.571070 

--------------------------------------- 
Assessing utility to  0 of hypo-pos: [EPosition 8]
Hypo-util minus base util: 
 +6.3308E-02  +0.0000E+00  +0.0000E+00  +0.0000E+00  +0.0000E+00  +0.0000E+00 
 +1.0266E-01  +0.0000E+00  +0.0000E+00  +0.0000E+00  +0.0000E+00  +0.0000E+00 
 +7.9572E-01  +0.0000E+00  +0.0000E+00  +0.0000E+00  +0.0000E+00  +0.0000E+00 
 +1.0000E+00  +0.0000E+00  +0.0000E+00  +0.0000E+00  +0.0000E+00  +0.0000E+00 
 -2.6697E-01  +0.0000E+00  +0.0000E+00  +0.0000E+00  +0.0000E+00  +0.0000E+00 
 +2.2012E-01  +0.0000E+00  +0.0000E+00  +0.0000E+00  +0.0000E+00  +0.0000E+00 

Util matrix is 6 x 5 
Assessing EU from util matrix: 
 0.101941  0.043352  0.604478  1.000000  0.038633 
 0.686276  0.000000  0.553179  0.584847  0.583619 
 0.795718  0.762553  0.235927  0.961891  0.000000 
 1.000000  0.308265  0.088954  0.609571  0.000000 
 0.026165  0.630801  0.531428  0.000000  0.293139 
 0.647899  0.182886  0.889504  0.954474  0.427777 

Coalition strength matrix
     0.000000     40.053962     29.502189      5.627967     41.979500 
    11.380289      0.000000     22.911642     11.872753     36.830137 
    16.955481     39.038607      0.000000     10.002382     25.668302 
    17.538198     52.456656     34.459321      0.000000     54.382194 
     5.024904     28.549214      1.260415      5.517368      0.000000 

Probability Opt_i > Opt_j
 0.500000  0.778741  0.635034  0.242939  0.893097 
 0.221259  0.500000  0.369839  0.184562  0.563330 
 0.364966  0.630161  0.500000  0.224966  0.953194 
 0.757061  0.815438  0.775034  0.500000  0.907890 
 0.106903  0.436670  0.046806  0.092110  0.500000 

Probability Opt_i
 0.138753 
 0.073977 
 0.119015 
 0.657926 
 0.010330 

Expected utility to actors: 
 0.747618 
 0.551873 
 0.827752 
 0.573197 
 0.116571 
 0.841683 

--------------------------------------- 
Assessing utility to  0 of hypo-pos: [EPosition 9]
Hypo-util minus base util: 
 +0.0000E+00  +0.0000E+00  +0.0000E+00  +0.0000E+00  +0.0000E+00  +0.0000E+00 
 +0.0000E+00  +0.0000E+00  +0.0000E+00  +0.0000E+00  +0.0000E+00  +0.0000E+00 
 +0.0000E+00  +0.0000E+00  +0.0000E+00  +0.0000E+00  +0.0000E+00  +0.0000E+00 
 +0.0000E+00  +0.0000E+00  +0.0000E+00  +0.0000E+00  +0.0000E+00  +0.0000E+00 
 +0.0000E+00  +0.0000E+00  +0.0000E+00  +0.0000E+00  +0.0000E+00  +0.0000E+00 
 +0.0000E+00  +0.0000E+00  +0.0000E+00  +0.0000E+00  +0.0000E+00  +0.0000E+00 

Util matrix is 6 x 5 
Assessing EU from util matrix: 
 0.038633  0.043352  0.604478  0.101941  1.000000 
 0.583619  0.000000  0.553179  0.686276  0.584847 
 0.000000  0.762553  0.235927  0.795718  0.961891 
 0.000000  0.308265  0.088954  1.000000  0.609571 
 0.293139  0.630801  0.531428  0.026165  0.000000 
 0.427777  0.182886  0.889504  0.647899  0.954474 

Coalition strength matrix
     0.000000     28.549214      1.260415      5.024904      5.517368 
    36.830137      0.000000     22.911642     11.380289     11.872753 
    25.668302     39.038607      0.000000     16.955481     10.002382 
    41.979500     40.053962     29.502189      0.000000      5.627967 
    54.382194     52.456656     34.459321     17.538198      0.000000 

Probability Opt_i > Opt_j
 0.500000  0.436670  0.046806  0.106903  0.092110 
 0.563330  0.500000  0.369839  0.221259  0.184562 
 0.953194  0.630161  0.500000  0.364966  0.224966 
 0.893097  0.778741  0.635034  0.500000  0.242939 
 0.907890  0.815438  0.775034  0.757061  0.500000 

Probability Opt_i
 0.010330 
 0.073977 
 0.119015 
 0.138753 
 0.657926 

Expected utility to actors: 
 0.747618 
 0.551873 
 0.827752 
 0.573197 
 0.116571 
 0.841683 

Found 10 neighbors
--------------------------------------- 
Assessing utility to  0 of hypo-pos: [EPosition 0]
Hypo-util minus base util: 
 +2.2817E-01  +0.0000E+00  +0.0000E+00  +0.0000E+00  +0.0000E+00  +0.0000E+00 
 +4.1150E-01  +0.0000E+00  +0.0000E+00  +0.0000E+00  +0.0000E+00  +0.0000E+00 
 +6.7331E-01  +0.0000E+00  +0.0000E+00  +0.0000E+00  +0.0000E+00  +0.0000E+00 
 +5.7962E-01  +0.0000E+00  +0.0000E+00  +0.0000E+00  +0.0000E+00  +0.0000E+00 
 +2.4272E-01  +0.0000E+00  +0.0000E+00  +0.0000E+00  +0.0000E+00  +0.0000E+00 
 -2.0469E-01  +0.0000E+00  +0.0000E+00  +0.0000E+00  +0.0000E+00  +0.0000E+00 

Util matrix is 6 x 6 
Assessing EU from util matrix: 
 0.266800  0.043352  0.604478  0.101941  1.000000  0.038633 
 0.995124  0.000000  0.553179  0.686276  0.584847  0.583619 
 0.673315  0.762553  0.235927  0.795718  0.961891  0.000000 
 0.579622  0.308265  0.088954  1.000000  0.609571  0.000000 
 0.535858  0.630801  0.531428  0.026165  0.000000  0.293139 
 0.223092  0.182886  0.889504  0.647899  0.954474  0.427777 

Coalition strength matrix
     0.000000     43.961767     36.597781     23.405175     27.073715     50.643373 
     5.263420      0.000000     22.911642     11.380289     11.872753     36.830137 
    14.026398     39.038607      0.000000     16.955481     10.002382     25.668302 
    13.380501     40.053962     29.502189      0.000000      5.627967     41.979500 
    28.959271     52.456656     34.459321     17.538198      0.000000     54.382194 
     3.664103     28.549214      1.260415      5.024904      5.517368      0.000000 

Probability Opt_i > Opt_j
 0.500000  0.893075  0.722931  0.636258  0.483175  0.932530 
 0.106925  0.500000  0.369839  0.221259  0.184562  0.563330 
 0.277069  0.630161  0.500000  0.364966  0.224966  0.953194 
 0.363742  0.778741  0.635034  0.500000  0.242939  0.893097 
 0.516825  0.815438  0.775034  0.757061  0.500000  0.907890 
 0.067470  0.436670  0.046806  0.106903  0.092110  0.500000 

Probability Opt_i
 0.412235 
 0.017602 
 0.053386 
 0.080775 
 0.433619 
 0.002382 

Expected utility to actors: 
 0.584964 
 0.750182 
 0.784951 
 0.594213 
 0.263186 
 0.609904 

--------------------------------------- 
Assessing utility to  0 of hypo-pos: [EPosition 1]
Hypo-util minus base util: 
 +7.9652E-01  +0.0000E+00  +0.0000E+00  +0.0000E+00  +0.0000E+00  +0.0000E+00 
 -5.7601E-01  +0.0000E+00  +0.0000E+00  +0.0000E+00  +0.0000E+00  +0.0000E+00 
 +9.6105E-01  +0.0000E+00  +0.0000E+00  +0.0000E+00  +0.0000E+00  +0.0000E+00 
 +1.6347E-01  +0.0000E+00  +0.0000E+00  +0.0000E+00  +0.0000E+00  +0.0000E+00 
 -2.0831E-01  +0.0000E+00  +0.0000E+00  +0.0000E+00  +0.0000E+00  +0.0000E+00 
 +5.3581E-01  +0.0000E+00  +0.0000E+00  +0.0000E+00  +0.0000E+00  +0.0000E+00 

Util matrix is 6 x 6 
Assessing EU from util matrix: 
 0.835158  0.043352  0.604478  0.101941  1.000000  0.038633 
 0.007608  0.000000  0.553179  0.686276  0.584847  0.583619 
 0.961049  0.762553  0.235927  0.795718  0.961891  0.000000 
 0.163471  0.308265  0.088954  1.000000  0.609571  0.000000 
 0.084832  0.630801  0.531428  0.026165  0.000000  0.293139 
 0.963589  0.182886  0.889504  0.647899  0.954474  0.427777 

Coalition strength matrix
     0.000000     26.940079     31.185671     17.749174      1.759838     52.368959 
    10.623099      0.000000     22.911642     11.380289     11.872753     36.830137 
    30.995656     39.038607      0.000000     16.955481     10.002382     25.668302 
    30.105867     40.053962     29.502189      0.000000      5.627967     41.979500 
    26.026762     52.456656     34.459321     17.538198      0.000000     54.382194 
    27.771056     28.549214      1.260415      5.024904      5.517368      0.000000 

Probability Opt_i > Opt_j
 0.500000  0.717194  0.501528  0.370895  0.063334  0.653468 
 0.282806  0.500000  0.369839  0.221259  0.184562  0.563330 
 0.498472  0.630161  0.500000  0.364966  0.224966  0.953194 
 0.629105  0.778741  0.635034  0.500000  0.242939  0.893097 
 0.936666  0.815438  0.775034  0.757061  0.500000  0.907890 
 0.346532  0.436670  0.046806  0.106903  0.092110  0.500000 

Probability Opt_i
 0.053082 
 0.066253 
 0.118547 
 0.142617 
 0.607300 
 0.012201 

Expected utility to actors: 
 0.741172 
 0.526154 
 0.827144 
 0.552456 
 0.116603 
 0.845986 

--------------------------------------- 
Assessing utility to  0 of hypo-pos: [EPosition 2]
Hypo-util minus base util: 
 +4.7187E-03  +0.0000E+00  +0.0000E+00  +0.0000E+00  +0.0000E+00  +0.0000E+00 
 -5.8362E-01  +0.0000E+00  +0.0000E+00  +0.0000E+00  +0.0000E+00  +0.0000E+00 
 +7.6255E-01  +0.0000E+00  +0.0000E+00  +0.0000E+00  +0.0000E+00  +0.0000E+00 
 +3.0827E-01  +0.0000E+00  +0.0000E+00  +0.0000E+00  +0.0000E+00  +0.0000E+00 
 +3.3766E-01  +0.0000E+00  +0.0000E+00  +0.0000E+00  +0.0000E+00  +0.0000E+00 
 -2.4489E-01  +0.0000E+00  +0.0000E+00  +0.0000E+00  +0.0000E+00  +0.0000E+00 

Util matrix is 6 x 5 
Assessing EU from util matrix: 
 0.043352  0.604478  0.101941  1.000000  0.038633 
 0.000000  0.553179  0.686276  0.584847  0.583619 
 0.762553  0.235927  0.795718  0.961891  0.000000 
 0.308265  0.088954  1.000000  0.609571  0.000000 
 0.630801  0.531428  0.026165  0.000000  0.293139 
 0.182886  0.889504  0.647899  0.954474  0.427777 

Coalition strength matrix
     0.000000     22.911642     11.380289     11.872753     36.830137 
    39.038607      0.000000     16.955481     10.002382     25.668302 
    40.053962     29.502189      0.000000      5.627967     41.979500 
    52.456656     34.459321     17.538198      0.000000     54.382194 
    28.549214      1.260415      5.024904      5.517368      0.000000 

Probability Opt_i > Opt_j
 0.500000  0.369839  0.221259  0.184562  0.563330 
 0.630161  0.500000  0.364966  0.224966  0.953194 
 0.778741  0.635034  0.500000  0.242939  0.893097 
 0.815438  0.775034  0.757061  0.500000  0.907890 
 0.436670  0.046806  0.106903  0.092110  0.500000 

Probability Opt_i
 0.073977 
 0.119015 
 0.138753 
 0.657926 
 0.010330 

Expected utility to actors: 
 0.747618 
 0.551873 
 0.827752 
 0.573197 
 0.116571 
 0.841683 

--------------------------------------- 
Assessing utility to  0 of hypo-pos: [EPosition 3]
Hypo-util minus base util: 
 +2.9486E-01  +0.0000E+00  +0.0000E+00  +0.0000E+00  +0.0000E+00  +0.0000E+00 
 +5.1766E-02  +0.0000E+00  +0.0000E+00  +0.0000E+00  +0.0000E+00  +0.0000E+00 
 +3.8836E-01  +0.0000E+00  +0.0000E+00  +0.0000E+00  +0.0000E+00  +0.0000E+00 
 +7.5346E-01  +0.0000E+00  +0.0000E+00  +0.0000E+00  +0.0000E+00  +0.0000E+00 
 +7.0686E-01  +0.0000E+00  +0.0000E+00  +0.0000E+00  +0.0000E+00  +0.0000E+00 
 +2.8407E-01  +0.0000E+00  +0.0000E+00  +0.0000E+00  +0.0000E+00  +0.0000E+00 

Util matrix is 6 x 6 
Assessing EU from util matrix: 
 0.333497  0.043352  0.604478  0.101941  1.000000  0.038633 
 0.635385  0.000000  0.553179  0.686276  0.584847  0.583619 
 0.388356  0.762553  0.235927  0.795718  0.961891  0.000000 
 0.753462  0.308265  0.088954  1.000000  0.609571  0.000000 
 1.000000  0.630801  0.531428  0.026165  0.000000  0.293139 
 0.711844  0.182886  0.889504  0.647899  0.954474  0.427777 

Coalition strength matrix
     0.000000     45.595401     19.753927     20.911804     21.259165     39.298812 
    14.577512      0.000000     22.911642     11.380289     11.872753     36.830137 
     4.863003     39.038607      0.000000     16.955481     10.002382     25.668302 
    18.567587     40.053962     29.502189      0.000000      5.627967     41.979500 
    30.825180     52.456656     34.459321     17.538198      0.000000     54.382194 
     0.000000     28.549214      1.260415      5.024904      5.517368      0.000000 

Probability Opt_i > Opt_j
 0.500000  0.757740  0.802453  0.529689  0.408168  1.000000 
 0.242260  0.500000  0.369839  0.221259  0.184562  0.563330 
 0.197547  0.630161  0.500000  0.364966  0.224966  0.953194 
 0.470311  0.778741  0.635034  0.500000  0.242939  0.893097 
 0.591832  0.815438  0.775034  0.757061  0.500000  0.907890 
 0.000000  0.436670  0.046806  0.106903  0.092110  0.500000 

Probability Opt_i
 0.302387 
 0.035359 
 0.044206 
 0.115545 
 0.499045 
 0.003458 

Expected utility to actors: 
 0.640057 
 0.589765 
 0.726795 
 0.662418 
 0.352221 
 0.813706 

--------------------------------------- 
Assessing utility to  0 of hypo-pos: [EPosition 4]
Hypo-util minus base util: 
 +5.6585E-01  +0.0000E+00  +0.0000E+00  +0.0000E+00  +0.0000E+00  +0.0000E+00 
 -3.0440E-02  +0.0000E+00  +0.0000E+00  +0.0000E+00  +0.0000E+00  +0.0000E+00 
 +2.3593E-01  +0.0000E+00  +0.0000E+00  +0.0000E+00  +0.0000E+00  +0.0000E+00 
 +8.8954E-02  +0.0000E+00  +0.0000E+00  +0.0000E+00  +0.0000E+00  +0.0000E+00 
 +2.3829E-01  +0.0000E+00  +0.0000E+00  +0.0000E+00  +0.0000E+00  +0.0000E+00 
 +4.6173E-01  +0.0000E+00  +0.0000E+00  +0.0000E+00  +0.0000E+00  +0.0000E+00 

Util matrix is 6 x 5 
Assessing EU from util matrix: 
 0.604478  0.043352  0.101941  1.000000  0.038633 
 0.553179  0.000000  0.686276  0.584847  0.583619 
 0.235927  0.762553  0.795718  0.961891  0.000000 
 0.088954  0.308265  1.000000  0.609571  0.000000 
 0.531428  0.630801  0.026165  0.000000  0.293139 
 0.889504  0.182886  0.647899  0.954474  0.427777 

Coalition strength matrix
     0.000000     39.038607     16.955481     10.002382     25.668302 
    22.911642      0.000000     11.380289     11.872753     36.830137 
    29.502189     40.053962      0.000000      5.627967     41.979500 
    34.459321     52.456656     17.538198      0.000000     54.382194 
     1.260415     28.549214      5.024904      5.517368      0.000000 

Probability Opt_i > Opt_j
 0.500000  0.630161  0.364966  0.224966  0.953194 
 0.369839  0.500000  0.221259  0.184562  0.563330 
 0.635034  0.778741  0.500000  0.242939  0.893097 
 0.775034  0.815438  0.757061  0.500000  0.907890 
 0.046806  0.436670  0.106903  0.092110  0.500000 

Probability Opt_i
 0.119015 
 0.073977 
 0.138753 
 0.657926 
 0.010330 

Expected utility to actors: 
 0.747618 
 0.551873 
 0.827752 
 0.573197 
 0.116571 
 0.841683 

--------------------------------------- 
Assessing utility to  0 of hypo-pos: [EPosition 5]
Hypo-util minus base util: 
 +5.5048E-02  +0.0000E+00  +0.0000E+00  +0.0000E+00  +0.0000E+00  +0.0000E+00 
 -2.3158E-01  +0.0000E+00  +0.0000E+00  +0.0000E+00  +0.0000E+00  +0.0000E+00 
 +1.0000E+00  +0.0000E+00  +0.0000E+00  +0.0000E+00  +0.0000E+00  +0.0000E+00 
 +7.4879E-01  +0.0000E+00  +0.0000E+00  +0.0000E+00  +0.0000E+00  +0.0000E+00 
 +4.6230E-01  +0.0000E+00  +0.0000E+00  +0.0000E+00  +0.0000E+00  +0.0000E+00 
 +5.7222E-01  +0.0000E+00  +0.0000E+00  +0.0000E+00  +0.0000E+00  +0.0000E+00 

Util matrix is 6 x 6 
Assessing EU from util matrix: 
 0.093681  0.043352  0.604478  0.101941  1.000000  0.038633 
 0.352037  0.000000  0.553179  0.686276  0.584847  0.583619 
 1.000000  0.762553  0.235927  0.795718  0.961891  0.000000 
 0.748790  0.308265  0.088954  1.000000  0.609571  0.000000 
 0.755441  0.630801  0.531428  0.026165  0.000000  0.293139 
